  j      y+            u_mean            uu+            ww+           prms+        omgy_rms+
  1   0.152332e+00   0.151720e+00   0.376660e-02   0.155071e-02   0.226546e+01   0.439664e-02
  2   0.465121e+00   0.463094e+00   0.348197e-01   0.129202e-01   0.226343e+01   0.134289e-01
  3   0.796417e+00   0.792652e+00   0.101571e+00   0.348177e-01   0.226193e+01   0.230025e-01
  4   0.115078e+01   0.114472e+01   0.211039e+00   0.668728e-01   0.226106e+01   0.332328e-01
  5   0.153286e+01   0.152352e+01   0.372258e+00   0.108826e+00   0.226096e+01   0.442091e-01
  6   0.194735e+01   0.193298e+01   0.595917e+00   0.160381e+00   0.226182e+01   0.559786e-01
  7   0.239902e+01   0.237653e+01   0.893456e+00   0.221083e+00   0.226388e+01   0.685289e-01
  8   0.289262e+01   0.285680e+01   0.127542e+01   0.290254e+00   0.226742e+01   0.817716e-01
  9   0.343289e+01   0.337521e+01   0.174898e+01   0.366979e+00   0.227276e+01   0.955312e-01
 10   0.402453e+01   0.393161e+01   0.231493e+01   0.450158e+00   0.228021e+01   0.109545e+00
 11   0.467219e+01   0.452386e+01   0.296482e+01   0.538601e+00   0.229012e+01   0.123475e+00
 12   0.538043e+01   0.514759e+01   0.367918e+01   0.631148e+00   0.230279e+01   0.136938e+00
 13   0.615372e+01   0.579612e+01   0.442802e+01   0.726755e+00   0.231846e+01   0.149537e+00
 14   0.699640e+01   0.646079e+01   0.517385e+01   0.824523e+00   0.233728e+01   0.160909e+00
 15   0.791270e+01   0.713149e+01   0.587670e+01   0.923644e+00   0.235929e+01   0.170754e+00
 16   0.890670e+01   0.779750e+01   0.650009e+01   0.102330e+01   0.238436e+01   0.178871e+00
 17   0.998233e+01   0.844846e+01   0.701593e+01   0.112256e+01   0.241217e+01   0.185161e+00
 18   0.111433e+02   0.907523e+01   0.740741e+01   0.122026e+01   0.244221e+01   0.189624e+00
 19   0.123933e+02   0.967052e+01   0.766942e+01   0.131508e+01   0.247377e+01   0.192345e+00
 20   0.137357e+02   0.102292e+02   0.780690e+01   0.140559e+01   0.250598e+01   0.193464e+00
 21   0.151738e+02   0.107483e+02   0.783219e+01   0.149042e+01   0.253784e+01   0.193154e+00
 22   0.167105e+02   0.112270e+02   0.776203e+01   0.156836e+01   0.256835e+01   0.191598e+00
 23   0.183486e+02   0.116658e+02   0.761509e+01   0.163856e+01   0.259653e+01   0.188979e+00
 24   0.200910e+02   0.120665e+02   0.740999e+01   0.170048e+01   0.262154e+01   0.185469e+00
 25   0.219399e+02   0.124316e+02   0.716401e+01   0.175390e+01   0.264270e+01   0.181233e+00
 26   0.238976e+02   0.127642e+02   0.689232e+01   0.179894e+01   0.265954e+01   0.176425e+00
 27   0.259662e+02   0.130675e+02   0.660764e+01   0.183591e+01   0.267178e+01   0.171188e+00
 28   0.281474e+02   0.133447e+02   0.632025e+01   0.186527e+01   0.267930e+01   0.165656e+00
 29   0.304429e+02   0.135988e+02   0.603818e+01   0.188754e+01   0.268212e+01   0.159951e+00
 30   0.328540e+02   0.138329e+02   0.576729e+01   0.190334e+01   0.268039e+01   0.154182e+00
 31   0.353820e+02   0.140495e+02   0.551151e+01   0.191331e+01   0.267434e+01   0.148447e+00
 32   0.380278e+02   0.142511e+02   0.527314e+01   0.191802e+01   0.266425e+01   0.142823e+00
 33   0.407922e+02   0.144399e+02   0.505320e+01   0.191804e+01   0.265046e+01   0.137370e+00
 34   0.436758e+02   0.146178e+02   0.485185e+01   0.191393e+01   0.263336e+01   0.132131e+00
 35   0.466789e+02   0.147864e+02   0.466872e+01   0.190623e+01   0.261334e+01   0.127136e+00
 36   0.498018e+02   0.149472e+02   0.450295e+01   0.189537e+01   0.259083e+01   0.122401e+00
 37   0.530444e+02   0.151014e+02   0.435339e+01   0.188171e+01   0.256623e+01   0.117929e+00
 38   0.564066e+02   0.152499e+02   0.421878e+01   0.186554e+01   0.253994e+01   0.113718e+00
 39   0.598879e+02   0.153936e+02   0.409763e+01   0.184721e+01   0.251237e+01   0.109759e+00
 40   0.634878e+02   0.155331e+02   0.398838e+01   0.182705e+01   0.248389e+01   0.106041e+00
 41   0.672056e+02   0.156690e+02   0.388978e+01   0.180550e+01   0.245485e+01   0.102547e+00
 42   0.710404e+02   0.158016e+02   0.380065e+01   0.178295e+01   0.242553e+01   0.992611e-01
 43   0.749911e+02   0.159312e+02   0.371963e+01   0.175972e+01   0.239615e+01   0.961694e-01
 44   0.790566e+02   0.160581e+02   0.364534e+01   0.173620e+01   0.236691e+01   0.932562e-01
 45   0.832355e+02   0.161826e+02   0.357660e+01   0.171262e+01   0.233797e+01   0.905062e-01
 46   0.875264e+02   0.163049e+02   0.351254e+01   0.168912e+01   0.230947e+01   0.879063e-01
 47   0.919276e+02   0.164250e+02   0.345234e+01   0.166586e+01   0.228153e+01   0.854455e-01
 48   0.964375e+02   0.165431e+02   0.339531e+01   0.164306e+01   0.225422e+01   0.831123e-01
 49   0.101054e+03   0.166595e+02   0.334112e+01   0.162068e+01   0.222759e+01   0.808965e-01
 50   0.105776e+03   0.167742e+02   0.328959e+01   0.159867e+01   0.220167e+01   0.787910e-01
 51   0.110600e+03   0.168874e+02   0.324043e+01   0.157717e+01   0.217641e+01   0.767900e-01
 52   0.115525e+03   0.169991e+02   0.319325e+01   0.155619e+01   0.215171e+01   0.748869e-01
 53   0.120549e+03   0.171094e+02   0.314767e+01   0.153565e+01   0.212752e+01   0.730743e-01
 54   0.125669e+03   0.172184e+02   0.310346e+01   0.151546e+01   0.210375e+01   0.713456e-01
 55   0.130883e+03   0.173259e+02   0.306041e+01   0.149558e+01   0.208032e+01   0.696944e-01
 56   0.136188e+03   0.174320e+02   0.301811e+01   0.147601e+01   0.205723e+01   0.681158e-01
 57   0.141583e+03   0.175367e+02   0.297610e+01   0.145677e+01   0.203449e+01   0.666052e-01
 58   0.147064e+03   0.176401e+02   0.293410e+01   0.143795e+01   0.201212e+01   0.651575e-01
 59   0.152630e+03   0.177421e+02   0.289218e+01   0.141964e+01   0.199011e+01   0.637668e-01
 60   0.158277e+03   0.178428e+02   0.285056e+01   0.140191e+01   0.196845e+01   0.624282e-01
 61   0.164004e+03   0.179421e+02   0.280925e+01   0.138482e+01   0.194707e+01   0.611391e-01
 62   0.169807e+03   0.180401e+02   0.276815e+01   0.136821e+01   0.192593e+01   0.598989e-01
 63   0.175684e+03   0.181367e+02   0.272703e+01   0.135172e+01   0.190510e+01   0.587049e-01
 64   0.181632e+03   0.182320e+02   0.268588e+01   0.133511e+01   0.188468e+01   0.575552e-01
 65   0.187650e+03   0.183261e+02   0.264494e+01   0.131839e+01   0.186472e+01   0.564489e-01
 66   0.193734e+03   0.184191e+02   0.260418e+01   0.130158e+01   0.184516e+01   0.553845e-01
 67   0.199882e+03   0.185108e+02   0.256340e+01   0.128466e+01   0.182589e+01   0.543585e-01
 68   0.206091e+03   0.186014e+02   0.252253e+01   0.126762e+01   0.180677e+01   0.533647e-01
 69   0.212360e+03   0.186905e+02   0.248171e+01   0.125042e+01   0.178766e+01   0.523992e-01
 70   0.218685e+03   0.187784e+02   0.244114e+01   0.123307e+01   0.176854e+01   0.514601e-01
 71   0.225065e+03   0.188649e+02   0.240079e+01   0.121539e+01   0.174948e+01   0.505472e-01
 72   0.231496e+03   0.189502e+02   0.236064e+01   0.119738e+01   0.173047e+01   0.496593e-01
 73   0.237978e+03   0.190345e+02   0.232084e+01   0.117920e+01   0.171140e+01   0.487957e-01
 74   0.244507e+03   0.191177e+02   0.228150e+01   0.116091e+01   0.169220e+01   0.479550e-01
 75   0.251081e+03   0.191998e+02   0.224240e+01   0.114246e+01   0.167286e+01   0.471350e-01
 76   0.257698e+03   0.192808e+02   0.220336e+01   0.112385e+01   0.165342e+01   0.463361e-01
 77   0.264357e+03   0.193607e+02   0.216430e+01   0.110490e+01   0.163404e+01   0.455574e-01
 78   0.271055e+03   0.194397e+02   0.212508e+01   0.108563e+01   0.161491e+01   0.447953e-01
 79   0.277790e+03   0.195178e+02   0.208571e+01   0.106628e+01   0.159603e+01   0.440502e-01
 80   0.284561e+03   0.195949e+02   0.204636e+01   0.104709e+01   0.157726e+01   0.433212e-01
 81   0.291366e+03   0.196710e+02   0.200712e+01   0.102810e+01   0.155845e+01   0.426070e-01
 82   0.298202e+03   0.197462e+02   0.196803e+01   0.100922e+01   0.153952e+01   0.419057e-01
 83   0.305070e+03   0.198203e+02   0.192928e+01   0.990421e+00   0.152044e+01   0.412179e-01
 84   0.311966e+03   0.198934e+02   0.189113e+01   0.971670e+00   0.150117e+01   0.405441e-01
 85   0.318890e+03   0.199653e+02   0.185349e+01   0.952962e+00   0.148168e+01   0.398845e-01
 86   0.325839e+03   0.200362e+02   0.181632e+01   0.934262e+00   0.146201e+01   0.392386e-01
 87   0.332814e+03   0.201059e+02   0.177965e+01   0.915509e+00   0.144228e+01   0.386068e-01
 88   0.339812e+03   0.201746e+02   0.174343e+01   0.896678e+00   0.142254e+01   0.379872e-01
 89   0.346833e+03   0.202422e+02   0.170762e+01   0.877754e+00   0.140280e+01   0.373774e-01
 90   0.353875e+03   0.203087e+02   0.167209e+01   0.858748e+00   0.138305e+01   0.367780e-01
 91   0.360938e+03   0.203740e+02   0.163685e+01   0.839683e+00   0.136322e+01   0.361870e-01
 92   0.368020e+03   0.204382e+02   0.160207e+01   0.820537e+00   0.134330e+01   0.356030e-01
 93   0.375121e+03   0.205012e+02   0.156781e+01   0.801385e+00   0.132334e+01   0.350264e-01
 94   0.382240e+03   0.205629e+02   0.153393e+01   0.782411e+00   0.130342e+01   0.344568e-01
 95   0.389377e+03   0.206233e+02   0.150021e+01   0.763767e+00   0.128354e+01   0.338954e-01
 96   0.396530e+03   0.206826e+02   0.146660e+01   0.745465e+00   0.126359e+01   0.333438e-01
 97   0.403700e+03   0.207406e+02   0.143319e+01   0.727432e+00   0.124344e+01   0.328020e-01
 98   0.410886e+03   0.207976e+02   0.139999e+01   0.709521e+00   0.122308e+01   0.322696e-01
 99   0.418087e+03   0.208536e+02   0.136697e+01   0.691802e+00   0.120257e+01   0.317479e-01
100   0.425304e+03   0.209086e+02   0.133423e+01   0.674485e+00   0.118199e+01   0.312373e-01
101   0.432537e+03   0.209626e+02   0.130189e+01   0.657746e+00   0.116144e+01   0.307368e-01
102   0.439785e+03   0.210157e+02   0.126992e+01   0.641735e+00   0.114097e+01   0.302455e-01
103   0.447048e+03   0.210677e+02   0.123814e+01   0.626488e+00   0.112060e+01   0.297638e-01
104   0.454327e+03   0.211187e+02   0.120649e+01   0.611865e+00   0.110038e+01   0.292928e-01
105   0.461622e+03   0.211685e+02   0.117503e+01   0.597706e+00   0.108035e+01   0.288300e-01
106   0.468933e+03   0.212173e+02   0.114384e+01   0.583885e+00   0.106053e+01   0.283752e-01
107   0.476261e+03   0.212647e+02   0.111302e+01   0.570288e+00   0.104096e+01   0.279303e-01
108   0.483606e+03   0.213107e+02   0.108265e+01   0.556879e+00   0.102169e+01   0.274976e-01
109   0.490969e+03   0.213553e+02   0.105288e+01   0.543670e+00   0.100271e+01   0.270774e-01
110   0.498350e+03   0.213983e+02   0.102392e+01   0.530690e+00   0.984002e+00   0.266705e-01
111   0.505751e+03   0.214397e+02   0.995812e+00   0.518013e+00   0.965557e+00   0.262766e-01
112   0.513172e+03   0.214793e+02   0.968503e+00   0.505688e+00   0.947418e+00   0.258955e-01
113   0.520615e+03   0.215172e+02   0.941928e+00   0.493830e+00   0.929632e+00   0.255286e-01
114   0.528081e+03   0.215532e+02   0.916098e+00   0.482579e+00   0.912249e+00   0.251776e-01
115   0.535570e+03   0.215873e+02   0.891127e+00   0.471975e+00   0.895368e+00   0.248424e-01
116   0.543085e+03   0.216196e+02   0.867096e+00   0.462038e+00   0.879108e+00   0.245237e-01
117   0.550627e+03   0.216497e+02   0.843969e+00   0.452820e+00   0.863556e+00   0.242236e-01
118   0.558197e+03   0.216779e+02   0.821804e+00   0.444329e+00   0.848783e+00   0.239422e-01
119   0.565799e+03   0.217039e+02   0.800775e+00   0.436529e+00   0.834874e+00   0.236809e-01
120   0.573433e+03   0.217276e+02   0.781131e+00   0.429403e+00   0.821945e+00   0.234420e-01
121   0.581101e+03   0.217491e+02   0.763084e+00   0.422998e+00   0.810162e+00   0.232277e-01
122   0.588808e+03   0.217681e+02   0.746711e+00   0.417357e+00   0.799687e+00   0.230379e-01
123   0.596554e+03   0.217847e+02   0.732107e+00   0.412494e+00   0.790612e+00   0.228712e-01
124   0.604342e+03   0.217987e+02   0.719456e+00   0.408409e+00   0.782993e+00   0.227283e-01
125   0.612177e+03   0.218100e+02   0.708979e+00   0.405116e+00   0.776864e+00   0.226109e-01
126   0.620060e+03   0.218186e+02   0.700880e+00   0.402632e+00   0.772223e+00   0.225207e-01
127   0.627996e+03   0.218244e+02   0.695348e+00   0.400970e+00   0.769098e+00   0.224598e-01
128   0.635989e+03   0.218274e+02   0.692550e+00   0.400144e+00   0.767519e+00   0.224299e-01
