       y+            Prod.           Diss.       Turb_Diff.     Mole_Diff.        Res.
   0.152332e+00   0.351438e-05  -0.128763e+00   0.815203e-05   0.128753e+00   0.249323e-05
   0.465121e+00   0.559116e-04  -0.128864e+00   0.127004e-03   0.128691e+00   0.957747e-05
   0.796417e+00   0.264527e-03  -0.128964e+00   0.582861e-03   0.128136e+00   0.189462e-04
   0.115078e+01   0.791457e-03  -0.128922e+00   0.167098e-02   0.126490e+00   0.305527e-04
   0.153286e+01   0.187313e-02  -0.128581e+00   0.373872e-02   0.123012e+00   0.436599e-04
   0.194735e+01   0.384184e-02  -0.127772e+00   0.713325e-02   0.116854e+00   0.569766e-04
   0.239902e+01   0.713859e-02  -0.126341e+00   0.120938e-01   0.107178e+00   0.692696e-04
   0.289262e+01   0.123039e-01  -0.124187e+00   0.185953e-01   0.933682e-01   0.806481e-04
   0.343289e+01   0.199296e-01  -0.121323e+00   0.261838e-01   0.753032e-01   0.941432e-04
   0.402453e+01   0.305574e-01  -0.117918e+00   0.338845e-01   0.535930e-01   0.116555e-03
   0.467219e+01   0.445230e-01  -0.114306e+00   0.402716e-01   0.296688e-01   0.157306e-03
   0.538043e+01   0.617731e-01  -0.110924e+00   0.437509e-01   0.562459e-02   0.224795e-03
   0.615372e+01   0.817128e-01  -0.108205e+00   0.430057e-01  -0.161916e-01   0.321506e-03
   0.699640e+01   0.103158e+00  -0.106450e+00   0.374532e-01  -0.337200e-01   0.440692e-03
   0.791270e+01   0.124447e+00  -0.105727e+00   0.275107e-01  -0.456641e-01   0.567268e-03
   0.890670e+01   0.143718e+00  -0.105851e+00   0.145397e-01  -0.517228e-01   0.683307e-03
   0.998233e+01   0.159263e+00  -0.106452e+00   0.477570e-03  -0.525140e-01   0.775277e-03
   0.111433e+02   0.169869e+00  -0.107081e+00  -0.126853e-01  -0.492641e-01   0.838896e-03
   0.123933e+02   0.175008e+00  -0.107333e+00  -0.233771e-01  -0.434182e-01   0.879302e-03
   0.137357e+02   0.174852e+00  -0.106919e+00  -0.307106e-01  -0.363148e-01   0.907111e-03
   0.151738e+02   0.170132e+00  -0.105692e+00  -0.345056e-01  -0.290011e-01   0.933065e-03
   0.167105e+02   0.161907e+00  -0.103629e+00  -0.351344e-01  -0.221802e-01   0.964102e-03
   0.183486e+02   0.151337e+00  -0.100797e+00  -0.332956e-01  -0.162419e-01   0.100254e-02
   0.200910e+02   0.139496e+00  -0.973158e-01  -0.297936e-01  -0.113398e-01   0.104651e-02
   0.219399e+02   0.127266e+00  -0.933241e-01  -0.253754e-01  -0.747510e-02   0.109128e-02
   0.238976e+02   0.115298e+00  -0.889644e-01  -0.206445e-01  -0.455736e-02   0.113136e-02
   0.259662e+02   0.104017e+00  -0.843712e-01  -0.160416e-01  -0.244131e-02   0.116261e-02
   0.281474e+02   0.936607e-01  -0.796619e-01  -0.118475e-01  -0.968662e-03   0.118274e-02
   0.304429e+02   0.843276e-01  -0.749339e-01  -0.820139e-02  -0.214157e-05   0.119025e-02
   0.328540e+02   0.760232e-01  -0.702704e-01  -0.515099e-02   0.584014e-03   0.118585e-02
   0.353820e+02   0.686986e-01  -0.657418e-01  -0.269133e-02   0.905500e-03   0.117097e-02
   0.380278e+02   0.622746e-01  -0.614005e-01  -0.784272e-03   0.105738e-02   0.114719e-02
   0.407922e+02   0.566572e-01  -0.572793e-01   0.635731e-03   0.110241e-02   0.111606e-02
   0.436758e+02   0.517510e-01  -0.533976e-01   0.164611e-02   0.107916e-02   0.107867e-02
   0.466789e+02   0.474657e-01  -0.497661e-01   0.231972e-02   0.101707e-02   0.103635e-02
   0.498018e+02   0.437155e-01  -0.463856e-01   0.272583e-02   0.935246e-03   0.990966e-03
   0.530444e+02   0.404217e-01  -0.432511e-01   0.292948e-02   0.843524e-03   0.943654e-03
   0.564066e+02   0.375150e-01  -0.403528e-01   0.298311e-02   0.749076e-03   0.894444e-03
   0.598879e+02   0.349367e-01  -0.376785e-01   0.292097e-02   0.665351e-03   0.844534e-03
   0.634878e+02   0.326394e-01  -0.352163e-01   0.277567e-02   0.596669e-03   0.795413e-03
   0.672056e+02   0.305840e-01  -0.329522e-01   0.257691e-02   0.539904e-03   0.748617e-03
   0.710404e+02   0.287352e-01  -0.308687e-01   0.235465e-02   0.481859e-03   0.703084e-03
   0.749911e+02   0.270686e-01  -0.289515e-01   0.212749e-02   0.413425e-03   0.658010e-03
   0.790566e+02   0.255663e-01  -0.271918e-01   0.188513e-02   0.356808e-03   0.616433e-03
   0.832355e+02   0.242052e-01  -0.255766e-01   0.163926e-02   0.309008e-03   0.576926e-03
   0.875264e+02   0.229643e-01  -0.240927e-01   0.140428e-02   0.263545e-03   0.539503e-03
   0.919276e+02   0.218322e-01  -0.227313e-01   0.117211e-02   0.230674e-03   0.503748e-03
   0.964375e+02   0.207966e-01  -0.214827e-01   0.946844e-03   0.209462e-03   0.470267e-03
   0.101054e+03   0.198422e-01  -0.203369e-01   0.744258e-03   0.190473e-03   0.440035e-03
   0.105776e+03   0.189548e-01  -0.192830e-01   0.574435e-03   0.164939e-03   0.411242e-03
   0.110600e+03   0.181265e-01  -0.183100e-01   0.425127e-03   0.142893e-03   0.384515e-03
   0.115525e+03   0.173530e-01  -0.174090e-01   0.290718e-03   0.124223e-03   0.358969e-03
   0.120549e+03   0.166314e-01  -0.165735e-01   0.171291e-03   0.106052e-03   0.335208e-03
   0.125669e+03   0.159571e-01  -0.157987e-01   0.651531e-04   0.898180e-04   0.313327e-03
   0.130883e+03   0.153226e-01  -0.150794e-01  -0.290370e-04   0.800141e-04   0.294209e-03
   0.136188e+03   0.147202e-01  -0.144089e-01  -0.107017e-03   0.724337e-04   0.276714e-03
   0.141583e+03   0.141522e-01  -0.137828e-01  -0.173042e-03   0.638408e-04   0.260210e-03
   0.147064e+03   0.136251e-01  -0.131976e-01  -0.237249e-03   0.541567e-04   0.244388e-03
   0.152630e+03   0.131341e-01  -0.126498e-01  -0.300726e-03   0.467020e-04   0.230323e-03
   0.158277e+03   0.126700e-01  -0.121343e-01  -0.358821e-03   0.407195e-04   0.217578e-03
   0.164004e+03   0.122304e-01  -0.116479e-01  -0.408929e-03   0.320514e-04   0.205640e-03
   0.169807e+03   0.118135e-01  -0.111917e-01  -0.452300e-03   0.249413e-04   0.194522e-03
   0.175684e+03   0.114116e-01  -0.107637e-01  -0.486960e-03   0.236782e-04   0.184606e-03
   0.181632e+03   0.110225e-01  -0.103604e-01  -0.510890e-03   0.250158e-04   0.176238e-03
   0.187650e+03   0.106520e-01  -0.997894e-02  -0.527209e-03   0.220583e-04   0.167895e-03
   0.193734e+03   0.102984e-01  -0.961698e-02  -0.537330e-03   0.157257e-04   0.159838e-03
   0.199882e+03   0.995132e-02  -0.927106e-02  -0.538314e-03   0.109730e-04   0.152921e-03
   0.206091e+03   0.960528e-02  -0.893880e-02  -0.524516e-03   0.371256e-05   0.145674e-03
   0.212360e+03   0.926201e-02  -0.862156e-02  -0.503260e-03   0.251877e-05   0.139709e-03
   0.218685e+03   0.892387e-02  -0.831843e-02  -0.474857e-03   0.341451e-05   0.133997e-03
   0.225065e+03   0.859414e-02  -0.802732e-02  -0.441094e-03   0.255174e-05   0.128276e-03
   0.231496e+03   0.827667e-02  -0.774747e-02  -0.411246e-03   0.437611e-05   0.122336e-03
   0.237978e+03   0.797146e-02  -0.747737e-02  -0.384784e-03   0.762429e-05   0.116939e-03
   0.244507e+03   0.767662e-02  -0.721598e-02  -0.353938e-03   0.469492e-05   0.111397e-03
   0.251081e+03   0.739112e-02  -0.696478e-02  -0.320685e-03   0.715869e-06   0.106370e-03
   0.257698e+03   0.711766e-02  -0.672529e-02  -0.290362e-03   0.661381e-06   0.102677e-03
   0.264357e+03   0.685930e-02  -0.649638e-02  -0.267118e-03   0.348499e-05   0.992889e-04
   0.271055e+03   0.661314e-02  -0.627594e-02  -0.247942e-03   0.641048e-05   0.956630e-04
   0.277790e+03   0.637525e-02  -0.606374e-02  -0.227038e-03   0.663032e-05   0.911004e-04
   0.284561e+03   0.614719e-02  -0.585961e-02  -0.206237e-03   0.482885e-05   0.861709e-04
   0.291366e+03   0.592848e-02  -0.566191e-02  -0.188419e-03   0.400144e-05   0.821487e-04
   0.298202e+03   0.571440e-02  -0.546947e-02  -0.169320e-03   0.253305e-05   0.781464e-04
   0.305070e+03   0.550375e-02  -0.528190e-02  -0.148168e-03   0.174876e-05   0.754336e-04
   0.311966e+03   0.529605e-02  -0.510004e-02  -0.123618e-03   0.717382e-06   0.731168e-04
   0.318890e+03   0.508772e-02  -0.492429e-02  -0.932472e-04   0.564531e-07   0.702377e-04
   0.325839e+03   0.487962e-02  -0.475408e-02  -0.598122e-04   0.168759e-05   0.674196e-04
   0.332814e+03   0.467555e-02  -0.458762e-02  -0.265865e-04   0.326850e-05   0.646111e-04
   0.339812e+03   0.447608e-02  -0.442462e-02   0.707802e-05   0.325181e-05   0.617917e-04
   0.346833e+03   0.427994e-02  -0.426564e-02   0.424834e-04   0.263495e-05   0.594196e-04
   0.353875e+03   0.408800e-02  -0.411097e-02   0.790140e-04   0.745878e-06   0.567862e-04
   0.360938e+03   0.390240e-02  -0.396122e-02   0.113223e-03  -0.367143e-06   0.540383e-04
   0.368020e+03   0.372270e-02  -0.381696e-02   0.145246e-03   0.723897e-06   0.517069e-04
   0.375121e+03   0.354638e-02  -0.367666e-02   0.176566e-03   0.392789e-05   0.502213e-04
   0.382240e+03   0.337170e-02  -0.353915e-02   0.209436e-03   0.689816e-05   0.488910e-04
   0.389377e+03   0.319910e-02  -0.340555e-02   0.245281e-03   0.841072e-05   0.472400e-04
   0.396530e+03   0.303081e-02  -0.327672e-02   0.283024e-03   0.818354e-05   0.452952e-04
   0.403700e+03   0.286770e-02  -0.315293e-02   0.321847e-03   0.626591e-05   0.428823e-04
   0.410886e+03   0.271089e-02  -0.303453e-02   0.359315e-03   0.495606e-05   0.406303e-04
   0.418087e+03   0.256238e-02  -0.292107e-02   0.391954e-03   0.558565e-05   0.388429e-04
   0.425304e+03   0.242064e-02  -0.281129e-02   0.419428e-03   0.845974e-05   0.372385e-04
   0.432537e+03   0.228305e-02  -0.270424e-02   0.448178e-03   0.854015e-05   0.355290e-04
   0.439785e+03   0.214984e-02  -0.260031e-02   0.477813e-03   0.705366e-05   0.343941e-04
   0.447048e+03   0.202151e-02  -0.250012e-02   0.506785e-03   0.554707e-05   0.337258e-04
   0.454327e+03   0.189627e-02  -0.240399e-02   0.535900e-03   0.502662e-05   0.332062e-04
   0.461622e+03   0.177277e-02  -0.231164e-02   0.567290e-03   0.453173e-05   0.329547e-04
   0.468933e+03   0.165135e-02  -0.222298e-02   0.599217e-03   0.510731e-05   0.326913e-04
   0.476261e+03   0.153200e-02  -0.213803e-02   0.630275e-03   0.779974e-05   0.320517e-04
   0.483606e+03   0.141433e-02  -0.205598e-02   0.663528e-03   0.940843e-05   0.312904e-04
   0.490969e+03   0.129851e-02  -0.197674e-02   0.699583e-03   0.943858e-05   0.307894e-04
   0.498350e+03   0.118513e-02  -0.190078e-02   0.735748e-03   0.102969e-04   0.303902e-04
   0.505751e+03   0.107495e-02  -0.182793e-02   0.771126e-03   0.118349e-04   0.299725e-04
   0.513172e+03   0.968563e-03  -0.175834e-02   0.805553e-03   0.137069e-04   0.294803e-04
   0.520615e+03   0.866261e-03  -0.169246e-02   0.839518e-03   0.154241e-04   0.287410e-04
   0.528081e+03   0.768208e-03  -0.163044e-02   0.873124e-03   0.169662e-04   0.278603e-04
   0.535570e+03   0.674641e-03  -0.157209e-02   0.906459e-03   0.179786e-04   0.269850e-04
   0.543085e+03   0.586176e-03  -0.151748e-02   0.939146e-03   0.185433e-04   0.263854e-04
   0.550627e+03   0.503445e-03  -0.146685e-02   0.969614e-03   0.197847e-04   0.259919e-04
   0.558197e+03   0.426821e-03  -0.141997e-02   0.998696e-03   0.198929e-04   0.254412e-04
   0.565799e+03   0.356739e-03  -0.137721e-02   0.102668e-02   0.187776e-04   0.249940e-04
   0.573433e+03   0.293379e-03  -0.133913e-02   0.105187e-02   0.186279e-04   0.247484e-04
   0.581101e+03   0.236562e-03  -0.130559e-02   0.107441e-02   0.190382e-04   0.244243e-04
   0.588808e+03   0.186098e-03  -0.127643e-02   0.109408e-02   0.202152e-04   0.239684e-04
   0.596554e+03   0.142088e-03  -0.125146e-02   0.111141e-02   0.215627e-04   0.236062e-04
   0.604342e+03   0.104833e-03  -0.123057e-02   0.112619e-02   0.230219e-04   0.234731e-04
   0.612177e+03   0.746126e-04  -0.121347e-02   0.113808e-02   0.242678e-04   0.234864e-04
   0.620060e+03   0.517082e-04  -0.120018e-02   0.114755e-02   0.243170e-04   0.233898e-04
   0.627996e+03   0.362611e-04  -0.119123e-02   0.115453e-02   0.239079e-04   0.234637e-04
   0.635989e+03   0.284001e-04  -0.118686e-02   0.115874e-02   0.235599e-04   0.238388e-04
