#                         y+                    alphat+
  6.255789999999999962e-01   1.470251666100087578e-04
  9.672559999999998936e-01   5.313093724892587215e-04
  1.334300000000000042e+00   1.361718685776785662e-03
  1.731409999999999894e+00   2.897512581719553261e-03
  2.163300000000000001e+00   5.487803329416546423e-03
  2.634749999999999925e+00   9.594714665766244932e-03
  3.150500000000000078e+00   1.582125350980756462e-02
  3.715280000000000360e+00   2.493790792303730158e-02
  4.333779999999999966e+00   3.792230235206019845e-02
  5.010600000000000165e+00   5.597857939738865724e-02
  5.750259999999999927e+00   8.060044145673878058e-02
  6.557169999999999277e+00   1.135878059002155965e-01
  7.435630000000000628e+00   1.570839362564402097e-01
  8.389780000000000015e+00   2.136287990539666448e-01
  9.423630000000001061e+00   2.860951357712351317e-01
  1.054100000000000037e+01   3.776808289803728624e-01
  1.174569999999999936e+01   4.919087392089623867e-01
  1.304100000000000037e+01   6.322742002624822666e-01
  1.443050000000000033e+01   8.024615492173797771e-01
  1.591709999999999958e+01   1.005664116642206229e+00
  1.750379999999999825e+01   1.244951170291971554e+00
  1.919350000000000023e+01   1.523129827331866970e+00
  2.098849999999999838e+01   1.841701673296432640e+00
  2.289130000000000109e+01   2.202344196891374395e+00
  2.490390000000000015e+01   2.605719526753279336e+00
  2.702840000000000131e+01   3.051546556669252563e+00
  2.926640000000000086e+01   3.539586203439627266e+00
  3.161929999999999907e+01   4.068351362530804316e+00
  3.408859999999999957e+01   4.636614055827514846e+00
  3.667530000000000001e+01   5.241999593612572284e+00
  3.938020000000000209e+01   5.882214010036237006e+00
  4.220409999999999684e+01   6.554889908714980784e+00
  4.514739999999999753e+01   7.256637982546201293e+00
  4.821039999999999992e+01   7.987084714746166547e+00
  5.139320000000000022e+01   8.737477023605411119e+00
  5.469559999999999889e+01   9.514203373159192623e+00
  5.811749999999999972e+01   1.030306142537808967e+01
  6.165829999999999700e+01   1.111409541616579411e+01
  6.531730000000000302e+01   1.193328130776395746e+01
  6.909390000000000498e+01   1.276411837106535252e+01
  7.298690000000000566e+01   1.360360182351465497e+01
  7.699530000000000030e+01   1.444942950402586312e+01
  8.111790000000000589e+01   1.529612361705927093e+01
  8.535320000000000107e+01   1.614640701711511284e+01
  8.969960000000000377e+01   1.699361903079751102e+01
  9.415560000000000684e+01   1.784335154738293383e+01
  9.871930000000000405e+01   1.867689383558888139e+01
  1.033889999999999958e+02   1.951579857810213880e+01
  1.081620000000000061e+02   2.033346720175307354e+01
  1.130379999999999967e+02   2.114953899464826392e+01
  1.180129999999999910e+02   2.195230778371692892e+01
  1.230849999999999937e+02   2.273736217249706115e+01
  1.282529999999999859e+02   2.351000539891583685e+01
  1.335130000000000052e+02   2.426337447515725287e+01
  1.388640000000000043e+02   2.499792290445524401e+01
  1.443020000000000209e+02   2.570546689779846616e+01
  1.498259999999999934e+02   2.640932841133863462e+01
  1.554329999999999927e+02   2.706669778297850826e+01
  1.611210000000000093e+02   2.772324239243836885e+01
  1.668859999999999957e+02   2.833794131666450511e+01
  1.727270000000000039e+02   2.894779721356086810e+01
  1.786399999999999864e+02   2.952304769066613588e+01
  1.846240000000000236e+02   3.009723187365196750e+01
  1.906759999999999877e+02   3.062619033682007696e+01
  1.967920000000000016e+02   3.116239197966600116e+01
  2.029720000000000084e+02   3.165421966240097618e+01
  2.092109999999999843e+02   3.215451293889866236e+01
  2.155090000000000146e+02   3.261896256842813102e+01
  2.218619999999999948e+02   3.306642402792321889e+01
  2.282680000000000007e+02   3.349231882560039253e+01
  2.347249999999999943e+02   3.390616040617848626e+01
  2.412309999999999945e+02   3.428633883389093029e+01
  2.477829999999999870e+02   3.464932697973845421e+01
  2.543790000000000191e+02   3.498402676600848338e+01
  2.610169999999999959e+02   3.530616655231987977e+01
  2.676959999999999695e+02   3.560480522192066388e+01
  2.744130000000000109e+02   3.586184694978424403e+01
  2.811670000000000300e+02   3.611612108267747345e+01
  2.879549999999999841e+02   3.634485969458160071e+01
  2.947760000000000105e+02   3.653140167155765994e+01
  3.016290000000000191e+02   3.672320725747903936e+01
  3.085109999999999673e+02   3.687327020834892011e+01
  3.154209999999999923e+02   3.700792936576857528e+01
  3.223580000000000041e+02   3.710988162973055893e+01
  3.293209999999999695e+02   3.721091527507249452e+01
  3.363080000000000496e+02   3.728938464372939166e+01
  3.433169999999999504e+02   3.736318762687988482e+01
  3.503489999999999895e+02   3.740279451213925199e+01
  3.574019999999999868e+02   3.744760228792680579e+01
  3.644739999999999895e+02   3.745726828033526346e+01
  3.715659999999999741e+02   3.746103160835734514e+01
  3.786759999999999877e+02   3.744696298176346971e+01
  3.858040000000000305e+02   3.742665345157195844e+01
  3.929490000000000123e+02   3.737312187446008949e+01
  4.001109999999999900e+02   3.731627724794432766e+01
  4.072889999999999873e+02   3.725985842261122372e+01
  4.144830000000000041e+02   3.714580351651077450e+01
  4.216919999999999504e+02   3.707370692369559606e+01
  4.289169999999999732e+02   3.694459857297631089e+01
  4.361569999999999823e+02   3.683404282541842889e+01
  4.434119999999999777e+02   3.668011799864731870e+01
  4.506840000000000259e+02   3.653856558132693522e+01
  4.579710000000000036e+02   3.638575131882269886e+01
  4.652730000000000246e+02   3.620468881285403739e+01
  4.725930000000000177e+02   3.605318441623509074e+01
  4.799290000000000305e+02   3.587019515165543737e+01
  4.872830000000000155e+02   3.570387056982687568e+01
  4.946549999999999727e+02   3.552129198057475890e+01
  5.020459999999999923e+02   3.535948745341152488e+01
  5.094569999999999936e+02   3.518251864971873033e+01
  5.168880000000000337e+02   3.502023562884573948e+01
  5.243419999999999845e+02   3.489145006598288745e+01
  5.318189999999999600e+02   3.472501284969371227e+01
  5.393210000000000264e+02   3.458014974285390508e+01
  5.468490000000000464e+02   3.446782778352470444e+01
  5.544049999999999727e+02   3.433249299930321996e+01
  5.619900000000000091e+02   3.425139654766957165e+01
  5.696069999999999709e+02   3.413697271255487919e+01
  5.772580000000000382e+02   3.401894718505973714e+01
  5.849450000000000500e+02   3.400345099941895199e+01
  5.926699999999999591e+02   3.386444460244278076e+01
  6.004370000000000118e+02   3.389099497120599835e+01
  6.082480000000000473e+02   3.375604090050338613e+01
  6.161059999999999945e+02   3.380967093972121518e+01
  6.240149999999999864e+02   3.367049251432955259e+01
