  j        y+           t_mean+        t_rms+           ut+        ut/urmstrms        R
  1   0.152332e+00   0.107938e+00   0.459617e-01   0.251772e-02   0.892535e+00   0.691227e+00
  2   0.465121e+00   0.329566e+00   0.140344e+00   0.235692e-01   0.899974e+00   0.684569e+00
  3   0.796417e+00   0.564269e+00   0.240289e+00   0.693203e-01   0.905176e+00   0.676375e+00
  4   0.115078e+01   0.815192e+00   0.347052e+00   0.145092e+00   0.910037e+00   0.669967e+00
  5   0.153286e+01   0.108544e+01   0.461760e+00   0.257722e+00   0.914752e+00   0.665419e+00
  6   0.194735e+01   0.137801e+01   0.585316e+00   0.415402e+00   0.919341e+00   0.662270e+00
  7   0.239902e+01   0.169564e+01   0.718259e+00   0.627167e+00   0.923757e+00   0.659998e+00
  8   0.289262e+01   0.204067e+01   0.860608e+00   0.901877e+00   0.927915e+00   0.658260e+00
  9   0.343289e+01   0.241477e+01   0.101169e+01   0.124660e+01   0.931702e+00   0.657128e+00
 10   0.402453e+01   0.281874e+01   0.117003e+01   0.166448e+01   0.934988e+00   0.657245e+00
 11   0.467219e+01   0.325219e+01   0.133324e+01   0.215253e+01   0.937640e+00   0.659779e+00
 12   0.538043e+01   0.371331e+01   0.149815e+01   0.269991e+01   0.939534e+00   0.666056e+00
 13   0.615372e+01   0.419873e+01   0.166097e+01   0.328747e+01   0.940565e+00   0.676890e+00
 14   0.699640e+01   0.470350e+01   0.181762e+01   0.388908e+01   0.940654e+00   0.691945e+00
 15   0.791270e+01   0.522133e+01   0.196414e+01   0.447467e+01   0.939754e+00   0.709569e+00
 16   0.890670e+01   0.574497e+01   0.209705e+01   0.501428e+01   0.937847e+00   0.727351e+00
 17   0.998233e+01   0.626678e+01   0.221367e+01   0.548210e+01   0.934941e+00   0.743056e+00
 18   0.111433e+02   0.677933e+01   0.231225e+01   0.585947e+01   0.931070e+00   0.755297e+00
 19   0.123933e+02   0.727594e+01   0.239204e+01   0.613628e+01   0.926289e+00   0.763664e+00
 20   0.137357e+02   0.775118e+01   0.245319e+01   0.631076e+01   0.920666e+00   0.768434e+00
 21   0.151738e+02   0.820106e+01   0.249656e+01   0.638812e+01   0.914279e+00   0.770174e+00
 22   0.167105e+02   0.862307e+01   0.252359e+01   0.637859e+01   0.907208e+00   0.769446e+00
 23   0.183486e+02   0.901614e+01   0.253606e+01   0.629545e+01   0.899534e+00   0.766670e+00
 24   0.200910e+02   0.938038e+01   0.253594e+01   0.615324e+01   0.891335e+00   0.762124e+00
 25   0.219399e+02   0.971685e+01   0.252531e+01   0.596642e+01   0.882686e+00   0.755997e+00
 26   0.238976e+02   0.100272e+02   0.250615e+01   0.574837e+01   0.873652e+00   0.748455e+00
 27   0.259662e+02   0.103136e+02   0.248034e+01   0.551081e+01   0.864298e+00   0.739693e+00
 28   0.281474e+02   0.105781e+02   0.244956e+01   0.526358e+01   0.854684e+00   0.729940e+00
 29   0.304429e+02   0.108232e+02   0.241530e+01   0.501463e+01   0.844878e+00   0.719442e+00
 30   0.328540e+02   0.110509e+02   0.237877e+01   0.477005e+01   0.834951e+00   0.708436e+00
 31   0.353820e+02   0.112633e+02   0.234096e+01   0.453416e+01   0.824976e+00   0.697137e+00
 32   0.380278e+02   0.114622e+02   0.230263e+01   0.430977e+01   0.815018e+00   0.685769e+00
 33   0.407922e+02   0.116493e+02   0.226436e+01   0.409853e+01   0.805137e+00   0.674561e+00
 34   0.436758e+02   0.118259e+02   0.222659e+01   0.390125e+01   0.795386e+00   0.663657e+00
 35   0.466789e+02   0.119935e+02   0.218964e+01   0.371809e+01   0.785803e+00   0.653109e+00
 36   0.498018e+02   0.121530e+02   0.215374e+01   0.354880e+01   0.776429e+00   0.643005e+00
 37   0.530444e+02   0.123056e+02   0.211905e+01   0.339289e+01   0.767319e+00   0.633458e+00
 38   0.564066e+02   0.124520e+02   0.208564e+01   0.324970e+01   0.758523e+00   0.624503e+00
 39   0.598879e+02   0.125929e+02   0.205355e+01   0.311835e+01   0.750081e+00   0.616148e+00
 40   0.634878e+02   0.127289e+02   0.202280e+01   0.299790e+01   0.742026e+00   0.608392e+00
 41   0.672056e+02   0.128605e+02   0.199343e+01   0.288756e+01   0.734380e+00   0.601135e+00
 42   0.710404e+02   0.129880e+02   0.196548e+01   0.278663e+01   0.727162e+00   0.594388e+00
 43   0.749911e+02   0.131120e+02   0.193898e+01   0.269421e+01   0.720374e+00   0.588197e+00
 44   0.790566e+02   0.132327e+02   0.191381e+01   0.260924e+01   0.713994e+00   0.582431e+00
 45   0.832355e+02   0.133505e+02   0.188989e+01   0.253084e+01   0.708012e+00   0.577048e+00
 46   0.875264e+02   0.134655e+02   0.186714e+01   0.245836e+01   0.702435e+00   0.572034e+00
 47   0.919276e+02   0.135781e+02   0.184544e+01   0.239106e+01   0.697238e+00   0.567306e+00
 48   0.964375e+02   0.136884e+02   0.182474e+01   0.232827e+01   0.692371e+00   0.562805e+00
 49   0.101054e+03   0.137967e+02   0.180503e+01   0.226968e+01   0.687826e+00   0.558541e+00
 50   0.105776e+03   0.139030e+02   0.178631e+01   0.221508e+01   0.683607e+00   0.554567e+00
 51   0.110600e+03   0.140074e+02   0.176849e+01   0.216406e+01   0.679685e+00   0.550840e+00
 52   0.115525e+03   0.141101e+02   0.175150e+01   0.211621e+01   0.676040e+00   0.547338e+00
 53   0.120549e+03   0.142112e+02   0.173527e+01   0.207112e+01   0.672643e+00   0.544130e+00
 54   0.125669e+03   0.143106e+02   0.171970e+01   0.202834e+01   0.669428e+00   0.541178e+00
 55   0.130883e+03   0.144086e+02   0.170471e+01   0.198761e+01   0.666394e+00   0.538362e+00
 56   0.136188e+03   0.145051e+02   0.169025e+01   0.194870e+01   0.663541e+00   0.535737e+00
 57   0.141583e+03   0.146001e+02   0.167630e+01   0.191136e+01   0.660860e+00   0.533369e+00
 58   0.147064e+03   0.146938e+02   0.166281e+01   0.187535e+01   0.658332e+00   0.531275e+00
 59   0.152630e+03   0.147864e+02   0.164972e+01   0.184045e+01   0.655910e+00   0.529390e+00
 60   0.158277e+03   0.148777e+02   0.163697e+01   0.180658e+01   0.653578e+00   0.527667e+00
 61   0.164004e+03   0.149680e+02   0.162451e+01   0.177370e+01   0.651341e+00   0.525998e+00
 62   0.169807e+03   0.150573e+02   0.161226e+01   0.174175e+01   0.649233e+00   0.524196e+00
 63   0.175684e+03   0.151455e+02   0.160014e+01   0.171051e+01   0.647245e+00   0.522395e+00
 64   0.181632e+03   0.152327e+02   0.158815e+01   0.167990e+01   0.645349e+00   0.520798e+00
 65   0.187650e+03   0.153188e+02   0.157633e+01   0.164994e+01   0.643520e+00   0.519442e+00
 66   0.193734e+03   0.154039e+02   0.156465e+01   0.162058e+01   0.641750e+00   0.518283e+00
 67   0.199882e+03   0.154881e+02   0.155303e+01   0.159178e+01   0.640088e+00   0.517274e+00
 68   0.206091e+03   0.155712e+02   0.154140e+01   0.156334e+01   0.638506e+00   0.516389e+00
 69   0.212360e+03   0.156531e+02   0.152964e+01   0.153497e+01   0.636913e+00   0.515442e+00
 70   0.218685e+03   0.157338e+02   0.151772e+01   0.150667e+01   0.635286e+00   0.514478e+00
 71   0.225065e+03   0.158133e+02   0.150567e+01   0.147858e+01   0.633686e+00   0.513749e+00
 72   0.231496e+03   0.158914e+02   0.149348e+01   0.145078e+01   0.632159e+00   0.513269e+00
 73   0.237978e+03   0.159684e+02   0.148117e+01   0.142323e+01   0.630643e+00   0.512970e+00
 74   0.244507e+03   0.160441e+02   0.146883e+01   0.139601e+01   0.629140e+00   0.512840e+00
 75   0.251081e+03   0.161186e+02   0.145640e+01   0.136895e+01   0.627618e+00   0.512722e+00
 76   0.257698e+03   0.161919e+02   0.144379e+01   0.134188e+01   0.626065e+00   0.512406e+00
 77   0.264357e+03   0.162641e+02   0.143100e+01   0.131481e+01   0.624484e+00   0.511971e+00
 78   0.271055e+03   0.163353e+02   0.141810e+01   0.128778e+01   0.622887e+00   0.511609e+00
 79   0.277790e+03   0.164054e+02   0.140516e+01   0.126087e+01   0.621277e+00   0.511392e+00
 80   0.284561e+03   0.164745e+02   0.139218e+01   0.123415e+01   0.619663e+00   0.511279e+00
 81   0.291366e+03   0.165426e+02   0.137912e+01   0.120777e+01   0.618114e+00   0.511228e+00
 82   0.298202e+03   0.166099e+02   0.136598e+01   0.118177e+01   0.616670e+00   0.511352e+00
 83   0.305070e+03   0.166761e+02   0.135270e+01   0.115606e+01   0.615260e+00   0.511693e+00
 84   0.311966e+03   0.167414e+02   0.133929e+01   0.113061e+01   0.613844e+00   0.512053e+00
 85   0.318890e+03   0.168057e+02   0.132570e+01   0.110543e+01   0.612456e+00   0.512319e+00
 86   0.325839e+03   0.168689e+02   0.131192e+01   0.108046e+01   0.611069e+00   0.512487e+00
 87   0.332814e+03   0.169309e+02   0.129799e+01   0.105575e+01   0.609689e+00   0.512848e+00
 88   0.339812e+03   0.169918e+02   0.128395e+01   0.103129e+01   0.608303e+00   0.513491e+00
 89   0.346833e+03   0.170515e+02   0.126979e+01   0.100702e+01   0.606875e+00   0.514211e+00
 90   0.353875e+03   0.171100e+02   0.125551e+01   0.982858e+00   0.605382e+00   0.515042e+00
 91   0.360938e+03   0.171674e+02   0.124104e+01   0.958595e+00   0.603718e+00   0.516015e+00
 92   0.368020e+03   0.172236e+02   0.122635e+01   0.934216e+00   0.601839e+00   0.516889e+00
 93   0.375121e+03   0.172787e+02   0.121146e+01   0.909936e+00   0.599847e+00   0.517699e+00
 94   0.382240e+03   0.173326e+02   0.119646e+01   0.885967e+00   0.597858e+00   0.518643e+00
 95   0.389377e+03   0.173852e+02   0.118145e+01   0.862365e+00   0.595910e+00   0.519664e+00
 96   0.396530e+03   0.174366e+02   0.116647e+01   0.839077e+00   0.593952e+00   0.520673e+00
 97   0.403700e+03   0.174868e+02   0.115151e+01   0.816069e+00   0.591946e+00   0.521632e+00
 98   0.410886e+03   0.175357e+02   0.113653e+01   0.793303e+00   0.589890e+00   0.522532e+00
 99   0.418087e+03   0.175834e+02   0.112148e+01   0.770684e+00   0.587732e+00   0.523387e+00
100   0.425304e+03   0.176300e+02   0.110637e+01   0.748222e+00   0.585445e+00   0.524227e+00
101   0.432537e+03   0.176755e+02   0.109130e+01   0.726049e+00   0.583040e+00   0.525221e+00
102   0.439785e+03   0.177200e+02   0.107629e+01   0.704138e+00   0.580499e+00   0.526375e+00
103   0.447048e+03   0.177634e+02   0.106128e+01   0.682379e+00   0.577786e+00   0.527555e+00
104   0.454327e+03   0.178058e+02   0.104622e+01   0.660690e+00   0.574858e+00   0.528682e+00
105   0.461622e+03   0.178471e+02   0.103108e+01   0.639129e+00   0.571750e+00   0.529767e+00
106   0.468933e+03   0.178872e+02   0.101586e+01   0.617763e+00   0.568498e+00   0.530702e+00
107   0.476261e+03   0.179262e+02   0.100056e+01   0.596663e+00   0.565122e+00   0.531464e+00
108   0.483606e+03   0.179640e+02   0.985295e+00   0.575914e+00   0.561622e+00   0.532340e+00
109   0.490969e+03   0.180004e+02   0.970120e+00   0.555587e+00   0.557985e+00   0.533386e+00
110   0.498350e+03   0.180355e+02   0.955044e+00   0.535774e+00   0.554240e+00   0.534426e+00
111   0.505751e+03   0.180691e+02   0.940109e+00   0.516532e+00   0.550415e+00   0.535540e+00
112   0.513172e+03   0.181012e+02   0.925389e+00   0.497822e+00   0.546448e+00   0.536795e+00
113   0.520615e+03   0.181318e+02   0.910977e+00   0.479594e+00   0.542249e+00   0.538117e+00
114   0.528081e+03   0.181607e+02   0.896964e+00   0.461860e+00   0.537770e+00   0.539413e+00
115   0.535570e+03   0.181879e+02   0.883444e+00   0.444698e+00   0.533019e+00   0.540706e+00
116   0.543085e+03   0.182134e+02   0.870491e+00   0.428236e+00   0.528093e+00   0.542063e+00
117   0.550627e+03   0.182371e+02   0.858163e+00   0.412538e+00   0.523067e+00   0.543547e+00
118   0.558197e+03   0.182590e+02   0.846554e+00   0.397628e+00   0.517932e+00   0.545413e+00
119   0.565799e+03   0.182790e+02   0.835707e+00   0.383560e+00   0.512709e+00   0.547491e+00
120   0.573433e+03   0.182972e+02   0.825606e+00   0.370452e+00   0.507529e+00   0.549214e+00
121   0.581101e+03   0.183136e+02   0.816280e+00   0.358464e+00   0.502579e+00   0.550379e+00
122   0.588808e+03   0.183281e+02   0.807789e+00   0.347674e+00   0.497970e+00   0.551160e+00
123   0.596554e+03   0.183407e+02   0.800234e+00   0.338134e+00   0.493756e+00   0.551838e+00
124   0.604342e+03   0.183513e+02   0.793728e+00   0.329966e+00   0.490054e+00   0.552456e+00
125   0.612177e+03   0.183599e+02   0.788394e+00   0.323339e+00   0.487042e+00   0.553071e+00
126   0.620060e+03   0.183664e+02   0.784347e+00   0.318376e+00   0.484835e+00   0.553746e+00
127   0.627996e+03   0.183709e+02   0.781633e+00   0.315078e+00   0.483401e+00   0.554353e+00
128   0.635989e+03   0.183731e+02   0.780270e+00   0.313412e+00   0.482663e+00   0.554689e+00
