y+ Diss. Diss. Diss..1
1.816330000000000000e+00 -3.017983121918618727e-01 -1.062549999999999996e-03 -5.324558812736426144e-02
2.313940000000000108e+00 -2.966329999999999800e-01 -1.543565332398001699e-03 -4.507219999999999976e-02
2.811560000000000059e+00 -2.894204174989353784e-01 -2.047429999999999823e-03 -3.935531383684082174e-02
3.340549999999999908e+00 -2.800320000000000586e-01 -2.564929908073536151e-03 -3.547250000000000403e-02
3.869540000000000202e+00 -2.695023904191412023e-01 -3.058380000000000300e-03 -3.334951056167295702e-02
4.431790000000000340e+00 -2.581479999999999886e-01 -3.561699343371147689e-03 -3.255500000000000060e-02
4.994040000000000035e+00 -2.477206080705171010e-01 -4.051420000000000889e-03 -3.282616816720022868e-02
5.591540000000000177e+00 -2.382599999999999996e-01 -4.566827672676214943e-03 -3.388400000000000439e-02
6.189040000000000319e+00 -2.308169347087377921e-01 -5.086689999999999615e-03 -3.537558706526041513e-02
6.823879999999999946e+00 -2.249709999999999765e-01 -5.653184252853358377e-03 -3.717129999999999740e-02
7.458719999999999573e+00 -2.209142306743410999e-01 -6.238069999999999206e-03 -3.896976951839402348e-02
8.133100000000000662e+00 -2.180060000000000053e-01 -6.881166468779301160e-03 -4.075440000000001006e-02
8.807479999999999976e+00 -2.159452736753244839e-01 -7.543929999999999907e-03 -4.231969042728084274e-02
9.523709999999999454e+00 -2.141679999999999973e-01 -8.264476672926852896e-03 -4.371110000000000967e-02
1.023990000000000045e+01 -2.123679022951702744e-01 -8.994939999999999880e-03 -4.481602498072915358e-02
1.100040000000000084e+01 -2.101659999999999917e-01 -9.772899891156705543e-03 -4.569779999999999676e-02
1.176099999999999923e+01 -2.074864330678353186e-01 -1.054489999999999941e-02 -4.631142463334847470e-02
1.256830000000000069e+01 -2.040869999999999906e-01 -1.134871428370859935e-02 -4.671069999999999389e-02
1.337560000000000038e+01 -2.001396196122244009e-01 -1.212900000000000089e-02 -4.689385156114442288e-02
1.423240000000000016e+01 -1.954450000000000354e-01 -1.292405143244789063e-02 -4.689480000000000037e-02
1.508929999999999971e+01 -1.903444176374679275e-01 -1.367999999999999945e-02 -4.673781260746972394e-02
1.599840000000000018e+01 -1.846150000000000013e-01 -1.443457744366449282e-02 -4.643570000000000336e-02
1.690749999999999886e+01 -1.786813864465815471e-01 -1.513779999999999987e-02 -4.602810954407744737e-02
1.787180000000000035e+01 -1.722750000000000115e-01 -1.582581533199131987e-02 -4.550880000000000203e-02
1.883609999999999829e+01 -1.658533869887052759e-01 -1.645430000000000156e-02 -4.492506958813630852e-02
1.985859999999999914e+01 -1.591059999999999974e-01 -1.705660068211304822e-02 -4.425570000000000892e-02
2.088119999999999976e+01 -1.524887042061251474e-01 -1.759509999999999894e-02 -4.355173597628319432e-02
2.196509999999999962e+01 -1.456669999999999909e-01 -1.809905518481142242e-02 -4.278140000000000415e-02
2.304909999999999926e+01 -1.390829687584515251e-01 -1.853790000000000299e-02 -4.199767314010435099e-02
2.419780000000000086e+01 -1.323910000000000087e-01 -1.893614833299567604e-02 -4.116109999999999908e-02
2.534639999999999915e+01 -1.260108403698734780e-01 -1.927039999999999656e-02 -4.032535763003197021e-02
2.656319999999999837e+01 -1.195989999999999692e-01 -1.956015163281758784e-02 -3.944569999999999327e-02
2.778010000000000090e+01 -1.135458423955832269e-01 -1.978929999999999925e-02 -3.857595692465347337e-02
2.906859999999999999e+01 -1.075179999999999886e-01 -1.997199329777540541e-02 -3.766959999999999059e-02
3.035709999999999908e+01 -1.018685755904806672e-01 -2.009889999999999941e-02 -3.678157793368232870e-02
3.172100000000000009e+01 -9.628410000000001134e-02 -2.017878321877585035e-02 -3.586430000000000867e-02
3.308480000000000132e+01 -9.108829670901490150e-02 -2.020870000000000305e-02 -3.497249072114795576e-02
3.452790000000000248e+01 -8.598920000000000174e-02 -2.019241272760423020e-02 -3.405640000000000056e-02
3.597090000000000032e+01 -8.127435642308566965e-02 -2.013279999999999931e-02 -3.316782711507317016e-02
3.749699999999999989e+01 -7.667489999999999029e-02 -2.002892245225144918e-02 -3.225609999999999589e-02
3.902320000000000277e+01 -7.244079150755271257e-02 -1.988880000000000162e-02 -3.137138527711944014e-02
4.063640000000000185e+01 -6.832850000000000035e-02 -1.970729686168764747e-02 -3.046560000000000240e-02
4.224960000000000093e+01 -6.455485325615731296e-02 -1.949680000000000163e-02 -2.959045679267840664e-02
4.395400000000000063e+01 -6.090059999999999918e-02 -1.924844462775341866e-02 -2.869990000000000735e-02
4.565840000000000032e+01 -5.755380536265817387e-02 -1.897840000000000291e-02 -2.784477452280233190e-02
4.745819999999999794e+01 -5.432090000000001223e-02 -1.867485554635167633e-02 -2.697879999999999723e-02
4.925800000000000267e+01 -5.136600143980455530e-02 -1.835690000000000238e-02 -2.614905163664615548e-02
5.115740000000000265e+01 -4.851830000000002113e-02 -1.801028605915552458e-02 -2.531159999999999660e-02
5.305689999999999884e+01 -4.591878399187084708e-02 -1.765620000000000037e-02 -2.451232350517437708e-02
5.506040000000000134e+01 -4.341859999999999470e-02 -1.727854177224804819e-02 -2.370890000000000497e-02
5.706389999999999674e+01 -4.114016377748546532e-02 -1.689959999999999726e-02 -2.294397435151178041e-02
5.917569999999999908e+01 -3.895269999999999289e-02 -1.650167790838396806e-02 -2.217639999999999889e-02
6.128750000000000142e+01 -3.695939842731775504e-02 -1.610750000000000029e-02 -2.144573350723393002e-02
6.351219999999999999e+01 -3.504319999999999657e-02 -1.569840719171414906e-02 -2.071470000000000602e-02
6.573680000000000234e+01 -3.329061937399602211e-02 -1.529729999999999805e-02 -2.002244858014246703e-02
6.807859999999999445e+01 -3.160330000000000084e-02 -1.488525759481944093e-02 -1.933380000000000168e-02
7.042040000000000077e+01 -3.006073174045890278e-02 -1.448489999999999674e-02 -1.868398538347535581e-02
7.288370000000000459e+01 -2.857889999999999736e-02 -1.407743661063593985e-02 -1.803890000000000007e-02
7.534699999999999420e+01 -2.722605514369802818e-02 -1.368429999999999647e-02 -1.742982494271242896e-02
7.793619999999999948e+01 -2.592549999999999716e-02 -1.328656556926040289e-02 -1.682660000000000058e-02
8.052540000000000475e+01 -2.473208845328934632e-02 -1.290439999999999990e-02 -1.625949623710592692e-02
8.324469999999998038e+01 -2.357990000000000086e-02 -1.251936767899061199e-02 -1.569919999999999996e-02
8.596399999999999864e+01 -2.251890607311155326e-02 -1.215070000000000039e-02 -1.517100636925271251e-02
8.881749999999998124e+01 -2.149399999999999922e-02 -1.178095438818132362e-02 -1.464709999999999970e-02
9.167100000000000648e+01 -2.055085613753942012e-02 -1.142789999999999952e-02 -1.415070635776271950e-02
9.466259999999999764e+01 -1.964050000000000171e-02 -1.107468156198750976e-02 -1.365879999999999872e-02
9.765430000000000632e+01 -1.880088949928437544e-02 -1.073779999999999873e-02 -1.319537973149892233e-02
1.007879999999999967e+02 -1.798729999999999773e-02 -1.040133404743588674e-02 -1.273819999999999987e-02
1.039210000000000065e+02 -1.723182666421013351e-02 -1.008030000000000037e-02 -1.230723650860952520e-02
1.072009999999999934e+02 -1.649620000000000253e-02 -9.759174679132480087e-03 -1.188119999999999975e-02
1.104800000000000040e+02 -1.581142917501321063e-02 -9.452540000000000595e-03 -1.147818625150949338e-02
1.139069999999999965e+02 -1.514419999999999655e-02 -9.146676449203836740e-03 -1.107859999999999921e-02
1.173349999999999937e+02 -1.452093575396966145e-02 -8.855170000000000749e-03 -1.069847782290433459e-02
1.209140000000000015e+02 -1.391260000000000066e-02 -8.565633591333519925e-03 -1.032129999999999853e-02
1.244939999999999998e+02 -1.334298969610689910e-02 -8.289960000000000731e-03 -9.963170105192291001e-03
1.282270000000000039e+02 -1.278649999999999926e-02 -8.016030797144368253e-03 -9.608580000000000246e-03
1.319610000000000127e+02 -1.226459483791361542e-02 -7.754969999999999919e-03 -9.271608928926068638e-03
1.358510000000000275e+02 -1.175550000000000379e-02 -7.495910158156943864e-03 -8.938609999999997877e-03
1.397400000000000091e+02 -1.127975993085537920e-02 -7.249059999999999011e-03 -8.623505652460297655e-03
1.437879999999999825e+02 -1.081729999999999844e-02 -7.003860192439015017e-03 -8.313730000000000078e-03
1.478360000000000127e+02 -1.038539046598556045e-02 -6.769439999999999832e-03 -8.021393778977984473e-03
1.520430000000000064e+02 -9.965269999999998296e-03 -6.536035345631104401e-03 -7.733099999999998829e-03
1.562489999999999952e+02 -9.570778554453722789e-03 -6.312279999999999974e-03 -7.457503870497732799e-03
1.606150000000000091e+02 -9.184640000000000859e-03 -6.089443940778856666e-03 -7.182599999999997320e-03
1.649819999999999993e+02 -8.818771914449321375e-03 -5.875700000000000194e-03 -6.917475885382791574e-03
1.695070000000000050e+02 -8.458270000000000371e-03 -5.663451468912776565e-03 -6.653090000000000392e-03
1.740329999999999870e+02 -8.114386554324254375e-03 -5.460190000000000182e-03 -6.399623549978189843e-03
1.787170000000000130e+02 -7.775820000000001862e-03 -5.258996126549006674e-03 -6.149810000000002080e-03
1.834009999999999820e+02 -7.455019232263042361e-03 -5.066850000000000347e-03 -5.913404756670299044e-03
1.882419999999999902e+02 -7.141739999999998853e-03 -4.877420300854715639e-03 -5.682259999999999742e-03
1.930829999999999984e+02 -6.846248614356778214e-03 -4.696620000000000308e-03 -5.463041933729625814e-03
1.980790000000000077e+02 -6.558080000000000853e-03 -4.518332888276495665e-03 -5.247199999999998740e-03
2.030749999999999886e+02 -6.284707209357549146e-03 -4.347959999999999672e-03 -5.039803721736684124e-03
2.082230000000000132e+02 -6.015770000000000145e-03 -4.180145242595171944e-03 -4.833470000000000301e-03
2.133709999999999809e+02 -5.757645889724101289e-03 -4.019449999999999933e-03 -4.633657990150688230e-03
2.186659999999999968e+02 -5.504300000000000165e-03 -3.860908260048063079e-03 -4.435340000000000289e-03
2.239620000000000175e+02 -5.264348143118231099e-03 -3.709060000000000135e-03 -4.244990584565316860e-03
2.294010000000000105e+02 -5.030719999999998075e-03 -3.560046920119324353e-03 -4.058320000000000677e-03
2.348390000000000271e+02 -4.808401502320491967e-03 -3.417660000000000316e-03 -3.880823966622402605e-03
2.404149999999999920e+02 -4.590820000000000664e-03 -3.277922888606319557e-03 -3.707600000000000565e-03
2.459909999999999854e+02 -4.382698775754029566e-03 -3.143749999999999843e-03 -3.542261452617496541e-03
2.516980000000000075e+02 -4.179119999999999710e-03 -3.011557170038405007e-03 -3.380000000000000625e-03
2.574060000000000059e+02 -3.985009402456432190e-03 -2.884820000000000179e-03 -3.223821244480666159e-03
2.632359999999999900e+02 -3.797120000000000183e-03 -2.761405365889662948e-03 -3.071019999999998959e-03
2.690670000000000073e+02 -3.620182758677635039e-03 -2.643809999999999910e-03 -2.925473284969789135e-03
2.750140000000000100e+02 -3.450659999999999925e-03 -2.529550882531484291e-03 -2.783920000000000925e-03
2.809599999999999795e+02 -3.291342230765106295e-03 -2.421049999999999678e-03 -2.648515194388602161e-03
2.870129999999999768e+02 -3.137689999999999837e-03 -2.316430586304595116e-03 -2.516410000000000174e-03
2.930659999999999741e+02 -2.991023364669011340e-03 -2.217000000000000220e-03 -2.389903995728233452e-03
2.992160000000000082e+02 -2.849880000000000382e-03 -2.120650053061404194e-03 -2.268130000000000580e-03
3.053659999999999854e+02 -2.717846098700356806e-03 -2.029330000000000196e-03 -2.154250050639516367e-03
3.116030000000000086e+02 -2.593799999999999838e-03 -1.942403711308276701e-03 -2.046849999999999798e-03
3.178389999999999986e+02 -2.480010405363914684e-03 -1.861670000000000165e-03 -1.947460533002828321e-03
3.241510000000000105e+02 -2.375260000000000132e-03 -1.786559070449317017e-03 -1.855220000000000089e-03
3.304630000000000223e+02 -2.280878087097336793e-03 -1.717910000000000010e-03 -1.771637232092776373e-03
3.368389999999999986e+02 -2.195770000000000100e-03 -1.654852567683275230e-03 -1.695960000000000479e-03
3.432139999999999986e+02 -2.120483197458970879e-03 -1.598019999999999909e-03 -1.628891701357103837e-03
3.496419999999999959e+02 -2.053489999999999829e-03 -1.546944062687394738e-03 -1.569409999999999816e-03
3.560690000000000168e+02 -1.994593346932150343e-03 -1.502059999999999940e-03 -1.517575794866019749e-03
3.625360000000000014e+02 -1.943749999999999731e-03 -1.463041816749292108e-03 -1.473049999999999837e-03
3.690019999999999527e+02 -1.901904213019369122e-03 -1.430000000000000281e-03 -1.436222713129963521e-03
