   j        y+           t_mean+        t_rms+           ut+    
   1   0.110599e+00   0.110599e+01   0.427415e+00   0.103055e-01
   2   0.335591e+00   0.335576e+01   0.129689e+01   0.958601e-01
   3   0.568392e+00   0.568231e+01   0.219556e+01   0.279985e+00
   4   0.809442e+00   0.808713e+01   0.312205e+01   0.581454e+00
   5   0.105918e+01   0.105690e+02   0.407160e+01   0.102234e+01
   6   0.131805e+01   0.131227e+02   0.503452e+01   0.162464e+01
   7   0.158649e+01   0.157382e+02   0.599513e+01   0.240543e+01
   8   0.186496e+01   0.183997e+02   0.693212e+01   0.337164e+01
   9   0.215388e+01   0.210861e+02   0.782055e+01   0.451573e+01
  10   0.245371e+01   0.237714e+02   0.863491e+01   0.581372e+01
  11   0.276487e+01   0.264263e+02   0.935251e+01   0.722628e+01
  12   0.308781e+01   0.290199e+02   0.995623e+01   0.870264e+01
  13   0.342295e+01   0.315222e+02   0.104362e+02   0.101866e+02
  14   0.377073e+01   0.339069e+02   0.107900e+02   0.116229e+02
  15   0.413156e+01   0.361528e+02   0.110225e+02   0.129632e+02
  16   0.450587e+01   0.382460e+02   0.111438e+02   0.141697e+02
  17   0.489406e+01   0.401789e+02   0.111679e+02   0.152171e+02
  18   0.529653e+01   0.419505e+02   0.111106e+02   0.160923e+02
  19   0.571369e+01   0.435643e+02   0.109882e+02   0.167931e+02
  20   0.614592e+01   0.450277e+02   0.108158e+02   0.173250e+02
  21   0.659361e+01   0.463504e+02   0.106069e+02   0.176994e+02
  22   0.705712e+01   0.475436e+02   0.103728e+02   0.179311e+02
  23   0.753681e+01   0.486188e+02   0.101227e+02   0.180362e+02
  24   0.803304e+01   0.495876e+02   0.986381e+01   0.180313e+02
  25   0.854614e+01   0.504613e+02   0.960142e+01   0.179319e+02
  26   0.907647e+01   0.512503e+02   0.933952e+01   0.177524e+02
  27   0.962433e+01   0.519641e+02   0.908094e+01   0.175057e+02
  28   0.101900e+02   0.526114e+02   0.882765e+01   0.172033e+02
  29   0.107738e+02   0.531998e+02   0.858098e+01   0.168550e+02
  30   0.113760e+02   0.537362e+02   0.834173e+01   0.164697e+02
  31   0.119969e+02   0.542263e+02   0.811037e+01   0.160548e+02
  32   0.126367e+02   0.546753e+02   0.788707e+01   0.156171e+02
  33   0.132956e+02   0.550877e+02   0.767188e+01   0.151625e+02
  34   0.139741e+02   0.554674e+02   0.746475e+01   0.146962e+02
  35   0.146720e+02   0.558176e+02   0.726561e+01   0.142228e+02
  36   0.153899e+02   0.561414e+02   0.707430e+01   0.137463e+02
  37   0.161278e+02   0.564414e+02   0.689060e+01   0.132703e+02
  38   0.168858e+02   0.567199e+02   0.671425e+01   0.127976e+02
  39   0.176642e+02   0.569792e+02   0.654502e+01   0.123303e+02
  40   0.184630e+02   0.572210e+02   0.638266e+01   0.118705e+02
  41   0.192825e+02   0.574471e+02   0.622676e+01   0.114195e+02
  42   0.201226e+02   0.576592e+02   0.607689e+01   0.109786e+02
  43   0.209837e+02   0.578585e+02   0.593282e+01   0.105490e+02
  44   0.218656e+02   0.580462e+02   0.579435e+01   0.101318e+02
  45   0.227686e+02   0.582232e+02   0.566130e+01   0.972772e+01
  46   0.236926e+02   0.583903e+02   0.553347e+01   0.933736e+01
  47   0.246377e+02   0.585486e+02   0.541060e+01   0.896116e+01
  48   0.256038e+02   0.586986e+02   0.529240e+01   0.859928e+01
  49   0.265912e+02   0.588412e+02   0.517858e+01   0.825174e+01
  50   0.275996e+02   0.589771e+02   0.506890e+01   0.791844e+01
  51   0.286292e+02   0.591068e+02   0.496319e+01   0.759928e+01
  52   0.296798e+02   0.592311e+02   0.486132e+01   0.729418e+01
  53   0.307516e+02   0.593503e+02   0.476295e+01   0.700272e+01
  54   0.318443e+02   0.594652e+02   0.466770e+01   0.672445e+01
  55   0.329580e+02   0.595761e+02   0.457539e+01   0.645899e+01
  56   0.340926e+02   0.596833e+02   0.448616e+01   0.620614e+01
  57   0.352479e+02   0.597869e+02   0.440011e+01   0.596603e+01
  58   0.364239e+02   0.598872e+02   0.431707e+01   0.573831e+01
  59   0.376204e+02   0.599845e+02   0.423680e+01   0.552233e+01
  60   0.388374e+02   0.600789e+02   0.415938e+01   0.531752e+01
  61   0.400747e+02   0.601705e+02   0.408491e+01   0.512341e+01
  62   0.413322e+02   0.602596e+02   0.401320e+01   0.493973e+01
  63   0.426097e+02   0.603464e+02   0.394407e+01   0.476593e+01
  64   0.439069e+02   0.604311e+02   0.387728e+01   0.460134e+01
  65   0.452239e+02   0.605136e+02   0.381265e+01   0.444555e+01
  66   0.465603e+02   0.605940e+02   0.375022e+01   0.429783e+01
  67   0.479160e+02   0.606725e+02   0.369003e+01   0.415749e+01
  68   0.492909e+02   0.607491e+02   0.363206e+01   0.402402e+01
  69   0.506845e+02   0.608241e+02   0.357614e+01   0.389717e+01
  70   0.520969e+02   0.608974e+02   0.352222e+01   0.377677e+01
  71   0.535276e+02   0.609690e+02   0.347053e+01   0.366248e+01
  72   0.549765e+02   0.610391e+02   0.342115e+01   0.355416e+01
  73   0.564434e+02   0.611076e+02   0.337384e+01   0.345147e+01
  74   0.579281e+02   0.611747e+02   0.332819e+01   0.335380e+01
  75   0.594301e+02   0.612404e+02   0.328423e+01   0.326099e+01
  76   0.609494e+02   0.613048e+02   0.324198e+01   0.317302e+01
  77   0.624858e+02   0.613680e+02   0.320123e+01   0.308981e+01
  78   0.640387e+02   0.614300e+02   0.316176e+01   0.301107e+01
  79   0.656081e+02   0.614909e+02   0.312346e+01   0.293628e+01
  80   0.671936e+02   0.615508e+02   0.308627e+01   0.286484e+01
  81   0.687950e+02   0.616096e+02   0.305027e+01   0.279658e+01
  82   0.704121e+02   0.616674e+02   0.301539e+01   0.273162e+01
  83   0.720444e+02   0.617244e+02   0.298150e+01   0.266981e+01
  84   0.736918e+02   0.617807e+02   0.294831e+01   0.261073e+01
  85   0.753538e+02   0.618364e+02   0.291569e+01   0.255435e+01
  86   0.770305e+02   0.618911e+02   0.288403e+01   0.250059e+01
  87   0.787212e+02   0.619450e+02   0.285332e+01   0.244915e+01
  88   0.804260e+02   0.619981e+02   0.282346e+01   0.240019e+01
  89   0.821442e+02   0.620503e+02   0.279441e+01   0.235378e+01
  90   0.838759e+02   0.621018e+02   0.276619e+01   0.230967e+01
  91   0.856202e+02   0.621527e+02   0.273881e+01   0.226754e+01
  92   0.873779e+02   0.622031e+02   0.271215e+01   0.222724e+01
  93   0.891475e+02   0.622527e+02   0.268618e+01   0.218857e+01
  94   0.909298e+02   0.623016e+02   0.266092e+01   0.215147e+01
  95   0.927231e+02   0.623498e+02   0.263611e+01   0.211578e+01
  96   0.945290e+02   0.623976e+02   0.261172e+01   0.208108e+01
  97   0.963452e+02   0.624448e+02   0.258797e+01   0.204739e+01
  98   0.981733e+02   0.624917e+02   0.256494e+01   0.201464e+01
  99   0.100012e+03   0.625380e+02   0.254258e+01   0.198285e+01
 100   0.101861e+03   0.625837e+02   0.252075e+01   0.195201e+01
 101   0.103720e+03   0.626290e+02   0.249925e+01   0.192189e+01
 102   0.105589e+03   0.626739e+02   0.247809e+01   0.189260e+01
 103   0.107468e+03   0.627183e+02   0.245732e+01   0.186431e+01
 104   0.109356e+03   0.627623e+02   0.243691e+01   0.183711e+01
 105   0.111253e+03   0.628059e+02   0.241705e+01   0.181100e+01
 106   0.113160e+03   0.628490e+02   0.239785e+01   0.178570e+01
 107   0.115074e+03   0.628919e+02   0.237931e+01   0.176126e+01
 108   0.116997e+03   0.629345e+02   0.236138e+01   0.173784e+01
 109   0.118928e+03   0.629768e+02   0.234396e+01   0.171535e+01
 110   0.120868e+03   0.630188e+02   0.232690e+01   0.169369e+01
 111   0.122814e+03   0.630605e+02   0.231015e+01   0.167290e+01
 112   0.124768e+03   0.631019e+02   0.229369e+01   0.165288e+01
 113   0.126729e+03   0.631430e+02   0.227754e+01   0.163338e+01
 114   0.128697e+03   0.631838e+02   0.226156e+01   0.161455e+01
 115   0.130672e+03   0.632242e+02   0.224581e+01   0.159645e+01
 116   0.132654e+03   0.632643e+02   0.223029e+01   0.157874e+01
 117   0.134641e+03   0.633040e+02   0.221499e+01   0.156111e+01
 118   0.136635e+03   0.633433e+02   0.219994e+01   0.154351e+01
 119   0.138635e+03   0.633822e+02   0.218515e+01   0.152606e+01
 120   0.140640e+03   0.634205e+02   0.217075e+01   0.150866e+01
 121   0.142650e+03   0.634582e+02   0.215673e+01   0.149136e+01
 122   0.144666e+03   0.634954e+02   0.214308e+01   0.147416e+01
 123   0.146686e+03   0.635321e+02   0.212981e+01   0.145706e+01
 124   0.148713e+03   0.635682e+02   0.211699e+01   0.143993e+01
 125   0.150743e+03   0.636040e+02   0.210452e+01   0.142306e+01
 126   0.152778e+03   0.636393e+02   0.209205e+01   0.140667e+01
 127   0.154817e+03   0.636746e+02   0.207927e+01   0.139051e+01
 128   0.156861e+03   0.637098e+02   0.206628e+01   0.137441e+01
 129   0.158909e+03   0.637447e+02   0.205355e+01   0.135830e+01
 130   0.160959e+03   0.637793e+02   0.204130e+01   0.134238e+01
 131   0.163015e+03   0.638135e+02   0.202949e+01   0.132680e+01
 132   0.165074e+03   0.638475e+02   0.201802e+01   0.131168e+01
 133   0.167136e+03   0.638812e+02   0.200673e+01   0.129716e+01
 134   0.169201e+03   0.639147e+02   0.199544e+01   0.128291e+01
 135   0.171269e+03   0.639478e+02   0.198407e+01   0.126894e+01
 136   0.173340e+03   0.639805e+02   0.197261e+01   0.125545e+01
 137   0.175415e+03   0.640130e+02   0.196110e+01   0.124233e+01
 138   0.177492e+03   0.640452e+02   0.194966e+01   0.122954e+01
 139   0.179572e+03   0.640772e+02   0.193838e+01   0.121717e+01
 140   0.181654e+03   0.641089e+02   0.192719e+01   0.120500e+01
 141   0.183739e+03   0.641405e+02   0.191602e+01   0.119293e+01
 142   0.185825e+03   0.641717e+02   0.190492e+01   0.118107e+01
 143   0.187915e+03   0.642025e+02   0.189404e+01   0.116944e+01
 144   0.190006e+03   0.642328e+02   0.188351e+01   0.115791e+01
 145   0.192100e+03   0.642626e+02   0.187322e+01   0.114638e+01
 146   0.194195e+03   0.642920e+02   0.186308e+01   0.113487e+01
 147   0.196291e+03   0.643210e+02   0.185304e+01   0.112340e+01
 148   0.198390e+03   0.643496e+02   0.184320e+01   0.111205e+01
 149   0.200490e+03   0.643781e+02   0.183356e+01   0.110090e+01
 150   0.202592e+03   0.644064e+02   0.182391e+01   0.108999e+01
 151   0.204695e+03   0.644347e+02   0.181411e+01   0.107921e+01
 152   0.206801e+03   0.644631e+02   0.180422e+01   0.106852e+01
 153   0.208907e+03   0.644914e+02   0.179442e+01   0.105794e+01
 154   0.211014e+03   0.645195e+02   0.178473e+01   0.104732e+01
 155   0.213122e+03   0.645474e+02   0.177509e+01   0.103647e+01
 156   0.215232e+03   0.645749e+02   0.176541e+01   0.102545e+01
 157   0.217343e+03   0.646022e+02   0.175576e+01   0.101466e+01
 158   0.219456e+03   0.646292e+02   0.174627e+01   0.100427e+01
 159   0.221568e+03   0.646560e+02   0.173680e+01   0.994154e+00
 160   0.223682e+03   0.646823e+02   0.172737e+01   0.984277e+00
 161   0.225797e+03   0.647083e+02   0.171798e+01   0.974453e+00
 162   0.227913e+03   0.647341e+02   0.170840e+01   0.964394e+00
 163   0.230029e+03   0.647598e+02   0.169851e+01   0.953980e+00
 164   0.232146e+03   0.647853e+02   0.168853e+01   0.943291e+00
 165   0.234264e+03   0.648107e+02   0.167862e+01   0.932469e+00
 166   0.236382e+03   0.648358e+02   0.166875e+01   0.921518e+00
 167   0.238502e+03   0.648606e+02   0.165902e+01   0.910463e+00
 168   0.240621e+03   0.648850e+02   0.164941e+01   0.899371e+00
 169   0.242742e+03   0.649091e+02   0.163981e+01   0.888382e+00
 170   0.244863e+03   0.649330e+02   0.163015e+01   0.877426e+00
 171   0.246984e+03   0.649569e+02   0.162043e+01   0.866472e+00
 172   0.249106e+03   0.649806e+02   0.161074e+01   0.855597e+00
 173   0.251229e+03   0.650040e+02   0.160115e+01   0.844773e+00
 174   0.253351e+03   0.650271e+02   0.159171e+01   0.834011e+00
 175   0.255475e+03   0.650498e+02   0.158242e+01   0.823300e+00
 176   0.257598e+03   0.650721e+02   0.157318e+01   0.812686e+00
 177   0.259723e+03   0.650943e+02   0.156394e+01   0.802326e+00
 178   0.261847e+03   0.651161e+02   0.155480e+01   0.792177e+00
 179   0.263971e+03   0.651376e+02   0.154590e+01   0.781991e+00
 180   0.266096e+03   0.651587e+02   0.153714e+01   0.771664e+00
 181   0.268222e+03   0.651795e+02   0.152840e+01   0.761177e+00
 182   0.270348e+03   0.652001e+02   0.151965e+01   0.750597e+00
 183   0.272474e+03   0.652203e+02   0.151094e+01   0.740104e+00
 184   0.274600e+03   0.652402e+02   0.150232e+01   0.729811e+00
 185   0.276727e+03   0.652596e+02   0.149380e+01   0.719796e+00
 186   0.278853e+03   0.652787e+02   0.148546e+01   0.710065e+00
 187   0.280981e+03   0.652973e+02   0.147733e+01   0.700559e+00
 188   0.283108e+03   0.653157e+02   0.146936e+01   0.691177e+00
 189   0.285236e+03   0.653338e+02   0.146139e+01   0.681803e+00
 190   0.287363e+03   0.653517e+02   0.145336e+01   0.672337e+00
 191   0.289492e+03   0.653691e+02   0.144534e+01   0.662726e+00
 192   0.291620e+03   0.653860e+02   0.143745e+01   0.652995e+00
 193   0.293748e+03   0.654025e+02   0.142977e+01   0.643231e+00
 194   0.295876e+03   0.654187e+02   0.142224e+01   0.633454e+00
 195   0.298005e+03   0.654348e+02   0.141475e+01   0.623637e+00
 196   0.300134e+03   0.654506e+02   0.140734e+01   0.613780e+00
 197   0.302263e+03   0.654662e+02   0.140010e+01   0.603948e+00
 198   0.304393e+03   0.654815e+02   0.139298e+01   0.594224e+00
 199   0.306522e+03   0.654964e+02   0.138595e+01   0.584710e+00
 200   0.308651e+03   0.655110e+02   0.137903e+01   0.575498e+00
 201   0.310781e+03   0.655254e+02   0.137224e+01   0.566618e+00
 202   0.312911e+03   0.655394e+02   0.136566e+01   0.558041e+00
 203   0.315042e+03   0.655532e+02   0.135925e+01   0.549692e+00
 204   0.317172e+03   0.655669e+02   0.135284e+01   0.541567e+00
 205   0.319302e+03   0.655804e+02   0.134641e+01   0.533674e+00
 206   0.321433e+03   0.655937e+02   0.133998e+01   0.525989e+00
 207   0.323563e+03   0.656067e+02   0.133352e+01   0.518524e+00
 208   0.325694e+03   0.656194e+02   0.132703e+01   0.511257e+00
 209   0.327826e+03   0.656319e+02   0.132057e+01   0.504172e+00
 210   0.329956e+03   0.656440e+02   0.131425e+01   0.497303e+00
 211   0.332088e+03   0.656558e+02   0.130810e+01   0.490651e+00
 212   0.334219e+03   0.656673e+02   0.130210e+01   0.484229e+00
 213   0.336350e+03   0.656784e+02   0.129631e+01   0.477966e+00
 214   0.338482e+03   0.656892e+02   0.129071e+01   0.471750e+00
 215   0.340614e+03   0.656994e+02   0.128528e+01   0.465504e+00
 216   0.342745e+03   0.657091e+02   0.128009e+01   0.459259e+00
 217   0.344878e+03   0.657183e+02   0.127511e+01   0.453160e+00
 218   0.347010e+03   0.657271e+02   0.127030e+01   0.447299e+00
 219   0.349142e+03   0.657355e+02   0.126561e+01   0.441652e+00
 220   0.351274e+03   0.657435e+02   0.126108e+01   0.436214e+00
 221   0.353406e+03   0.657511e+02   0.125676e+01   0.431059e+00
 222   0.355539e+03   0.657582e+02   0.125265e+01   0.426149e+00
 223   0.357671e+03   0.657648e+02   0.124875e+01   0.421413e+00
 224   0.359804e+03   0.657709e+02   0.124509e+01   0.416811e+00
 225   0.361937e+03   0.657765e+02   0.124167e+01   0.412362e+00
 226   0.364069e+03   0.657817e+02   0.123845e+01   0.408100e+00
 227   0.366202e+03   0.657864e+02   0.123542e+01   0.404039e+00
 228   0.368335e+03   0.657909e+02   0.123262e+01   0.400256e+00
 229   0.370468e+03   0.657950e+02   0.123003e+01   0.396759e+00
 230   0.372601e+03   0.657989e+02   0.122768e+01   0.393509e+00
 231   0.374734e+03   0.658024e+02   0.122561e+01   0.390507e+00
 232   0.376867e+03   0.658057e+02   0.122381e+01   0.387807e+00
 233   0.379000e+03   0.658086e+02   0.122230e+01   0.385449e+00
 234   0.381134e+03   0.658113e+02   0.122102e+01   0.383422e+00
 235   0.383267e+03   0.658136e+02   0.121984e+01   0.381723e+00
 236   0.385400e+03   0.658157e+02   0.121875e+01   0.380317e+00
 237   0.387534e+03   0.658173e+02   0.121780e+01   0.379139e+00
 238   0.389667e+03   0.658185e+02   0.121705e+01   0.378196e+00
 239   0.391800e+03   0.658192e+02   0.121654e+01   0.377537e+00
 240   0.393933e+03   0.658196e+02   0.121630e+01   0.377197e+00
