   j        y+           t_mean+        t_rms+           ut+    
   1   0.110599e+00   0.110599e+00   0.458249e-01   0.190327e-02
   2   0.335591e+00   0.335589e+00   0.139052e+00   0.175572e-01
   3   0.568392e+00   0.568367e+00   0.235510e+00   0.504333e-01
   4   0.809442e+00   0.809331e+00   0.335331e+00   0.102385e+00
   5   0.105918e+01   0.105885e+01   0.438598e+00   0.175398e+00
   6   0.131805e+01   0.131726e+01   0.545328e+00   0.271533e+00
   7   0.158649e+01   0.158484e+01   0.655460e+00   0.392847e+00
   8   0.186496e+01   0.186178e+01   0.768842e+00   0.541285e+00
   9   0.215388e+01   0.214822e+01   0.885213e+00   0.718545e+00
  10   0.245371e+01   0.244417e+01   0.100420e+01   0.925924e+00
  11   0.276487e+01   0.274952e+01   0.112531e+01   0.116416e+01
  12   0.308781e+01   0.306404e+01   0.124793e+01   0.143325e+01
  13   0.342295e+01   0.338734e+01   0.137134e+01   0.173233e+01
  14   0.377073e+01   0.371886e+01   0.149476e+01   0.205960e+01
  15   0.413156e+01   0.405790e+01   0.161729e+01   0.241223e+01
  16   0.450587e+01   0.440356e+01   0.173805e+01   0.278639e+01
  17   0.489406e+01   0.475483e+01   0.185610e+01   0.317741e+01
  18   0.529653e+01   0.511053e+01   0.197057e+01   0.357983e+01
  19   0.571369e+01   0.546937e+01   0.208060e+01   0.398771e+01
  20   0.614592e+01   0.582998e+01   0.218544e+01   0.439481e+01
  21   0.659361e+01   0.619092e+01   0.228441e+01   0.479486e+01
  22   0.705712e+01   0.655074e+01   0.237697e+01   0.518184e+01
  23   0.753681e+01   0.690799e+01   0.246269e+01   0.555020e+01
  24   0.803304e+01   0.726126e+01   0.254125e+01   0.589501e+01
  25   0.854614e+01   0.760924e+01   0.261247e+01   0.621216e+01
  26   0.907647e+01   0.795070e+01   0.267627e+01   0.649838e+01
  27   0.962433e+01   0.828456e+01   0.273270e+01   0.675133e+01
  28   0.101900e+02   0.860986e+01   0.278187e+01   0.696954e+01
  29   0.107738e+02   0.892581e+01   0.282399e+01   0.715235e+01
  30   0.113760e+02   0.923177e+01   0.285931e+01   0.729989e+01
  31   0.119969e+02   0.952726e+01   0.288815e+01   0.741289e+01
  32   0.126367e+02   0.981195e+01   0.291087e+01   0.749265e+01
  33   0.132956e+02   0.100856e+02   0.292783e+01   0.754089e+01
  34   0.139741e+02   0.103483e+02   0.293944e+01   0.755966e+01
  35   0.146720e+02   0.105999e+02   0.294608e+01   0.755121e+01
  36   0.153899e+02   0.108407e+02   0.294815e+01   0.751797e+01
  37   0.161278e+02   0.110709e+02   0.294607e+01   0.746241e+01
  38   0.168858e+02   0.112907e+02   0.294021e+01   0.738703e+01
  39   0.176642e+02   0.115006e+02   0.293094e+01   0.729426e+01
  40   0.184630e+02   0.117009e+02   0.291863e+01   0.718645e+01
  41   0.192825e+02   0.118921e+02   0.290362e+01   0.706586e+01
  42   0.201226e+02   0.120745e+02   0.288623e+01   0.693458e+01
  43   0.209837e+02   0.122487e+02   0.286676e+01   0.679459e+01
  44   0.218656e+02   0.124150e+02   0.284550e+01   0.664772e+01
  45   0.227686e+02   0.125739e+02   0.282271e+01   0.649565e+01
  46   0.236926e+02   0.127259e+02   0.279866e+01   0.633988e+01
  47   0.246377e+02   0.128713e+02   0.277357e+01   0.618177e+01
  48   0.256038e+02   0.130105e+02   0.274766e+01   0.602255e+01
  49   0.265912e+02   0.131440e+02   0.272111e+01   0.586330e+01
  50   0.275996e+02   0.132720e+02   0.269409e+01   0.570497e+01
  51   0.286292e+02   0.133950e+02   0.266678e+01   0.554840e+01
  52   0.296798e+02   0.135131e+02   0.263930e+01   0.539432e+01
  53   0.307516e+02   0.136269e+02   0.261177e+01   0.524333e+01
  54   0.318443e+02   0.137364e+02   0.258431e+01   0.509592e+01
  55   0.329580e+02   0.138421e+02   0.255699e+01   0.495245e+01
  56   0.340926e+02   0.139441e+02   0.252987e+01   0.481316e+01
  57   0.352479e+02   0.140427e+02   0.250301e+01   0.467813e+01
  58   0.364239e+02   0.141381e+02   0.247643e+01   0.454738e+01
  59   0.376204e+02   0.142305e+02   0.245016e+01   0.442085e+01
  60   0.388374e+02   0.143202e+02   0.242425e+01   0.429847e+01
  61   0.400747e+02   0.144074e+02   0.239871e+01   0.418020e+01
  62   0.413322e+02   0.144921e+02   0.237358e+01   0.406603e+01
  63   0.426097e+02   0.145747e+02   0.234888e+01   0.395596e+01
  64   0.439069e+02   0.146551e+02   0.232466e+01   0.385002e+01
  65   0.452239e+02   0.147336e+02   0.230094e+01   0.374818e+01
  66   0.465603e+02   0.148103e+02   0.227775e+01   0.365042e+01
  67   0.479160e+02   0.148851e+02   0.225512e+01   0.355671e+01
  68   0.492909e+02   0.149584e+02   0.223308e+01   0.346696e+01
  69   0.506845e+02   0.150300e+02   0.221163e+01   0.338108e+01
  70   0.520969e+02   0.151001e+02   0.219075e+01   0.329891e+01
  71   0.535276e+02   0.151687e+02   0.217041e+01   0.322025e+01
  72   0.549765e+02   0.152360e+02   0.215059e+01   0.314487e+01
  73   0.564434e+02   0.153019e+02   0.213125e+01   0.307255e+01
  74   0.579281e+02   0.153667e+02   0.211239e+01   0.300309e+01
  75   0.594301e+02   0.154302e+02   0.209399e+01   0.293632e+01
  76   0.609494e+02   0.154927e+02   0.207602e+01   0.287210e+01
  77   0.624858e+02   0.155542e+02   0.205848e+01   0.281035e+01
  78   0.640387e+02   0.156148e+02   0.204135e+01   0.275099e+01
  79   0.656081e+02   0.156745e+02   0.202465e+01   0.269398e+01
  80   0.671936e+02   0.157333e+02   0.200839e+01   0.263925e+01
  81   0.687950e+02   0.157914e+02   0.199257e+01   0.258672e+01
  82   0.704121e+02   0.158487e+02   0.197716e+01   0.253627e+01
  83   0.720444e+02   0.159053e+02   0.196218e+01   0.248778e+01
  84   0.736918e+02   0.159612e+02   0.194759e+01   0.244113e+01
  85   0.753538e+02   0.160164e+02   0.193340e+01   0.239624e+01
  86   0.770305e+02   0.160708e+02   0.191959e+01   0.235302e+01
  87   0.787212e+02   0.161245e+02   0.190613e+01   0.231140e+01
  88   0.804260e+02   0.161775e+02   0.189301e+01   0.227130e+01
  89   0.821442e+02   0.162299e+02   0.188020e+01   0.223266e+01
  90   0.838759e+02   0.162816e+02   0.186769e+01   0.219538e+01
  91   0.856202e+02   0.163326e+02   0.185544e+01   0.215940e+01
  92   0.873779e+02   0.163831e+02   0.184343e+01   0.212460e+01
  93   0.891475e+02   0.164329e+02   0.183166e+01   0.209091e+01
  94   0.909298e+02   0.164822e+02   0.182010e+01   0.205827e+01
  95   0.927231e+02   0.165309e+02   0.180876e+01   0.202667e+01
  96   0.945290e+02   0.165791e+02   0.179763e+01   0.199612e+01
  97   0.963452e+02   0.166268e+02   0.178674e+01   0.196662e+01
  98   0.981733e+02   0.166741e+02   0.177609e+01   0.193811e+01
  99   0.100012e+03   0.167209e+02   0.176567e+01   0.191050e+01
 100   0.101861e+03   0.167672e+02   0.175547e+01   0.188368e+01
 101   0.103720e+03   0.168131e+02   0.174548e+01   0.185758e+01
 102   0.105589e+03   0.168584e+02   0.173568e+01   0.183213e+01
 103   0.107468e+03   0.169033e+02   0.172607e+01   0.180729e+01
 104   0.109356e+03   0.169477e+02   0.171662e+01   0.178298e+01
 105   0.111253e+03   0.169916e+02   0.170731e+01   0.175915e+01
 106   0.113160e+03   0.170352e+02   0.169810e+01   0.173577e+01
 107   0.115074e+03   0.170783e+02   0.168897e+01   0.171284e+01
 108   0.116997e+03   0.171211e+02   0.167992e+01   0.169041e+01
 109   0.118928e+03   0.171636e+02   0.167096e+01   0.166849e+01
 110   0.120868e+03   0.172056e+02   0.166209e+01   0.164712e+01
 111   0.122814e+03   0.172474e+02   0.165333e+01   0.162627e+01
 112   0.124768e+03   0.172888e+02   0.164469e+01   0.160594e+01
 113   0.126729e+03   0.173297e+02   0.163618e+01   0.158610e+01
 114   0.128697e+03   0.173703e+02   0.162781e+01   0.156675e+01
 115   0.130672e+03   0.174105e+02   0.161958e+01   0.154784e+01
 116   0.132654e+03   0.174503e+02   0.161148e+01   0.152934e+01
 117   0.134641e+03   0.174896e+02   0.160348e+01   0.151124e+01
 118   0.136635e+03   0.175286e+02   0.159555e+01   0.149355e+01
 119   0.138635e+03   0.175673e+02   0.158767e+01   0.147629e+01
 120   0.140640e+03   0.176056e+02   0.157982e+01   0.145944e+01
 121   0.142650e+03   0.176437e+02   0.157199e+01   0.144295e+01
 122   0.144666e+03   0.176814e+02   0.156416e+01   0.142682e+01
 123   0.146686e+03   0.177190e+02   0.155637e+01   0.141105e+01
 124   0.148713e+03   0.177563e+02   0.154863e+01   0.139562e+01
 125   0.150743e+03   0.177933e+02   0.154100e+01   0.138052e+01
 126   0.152778e+03   0.178301e+02   0.153347e+01   0.136569e+01
 127   0.154817e+03   0.178665e+02   0.152606e+01   0.135106e+01
 128   0.156861e+03   0.179027e+02   0.151874e+01   0.133656e+01
 129   0.158909e+03   0.179385e+02   0.151150e+01   0.132212e+01
 130   0.160959e+03   0.179740e+02   0.150429e+01   0.130767e+01
 131   0.163015e+03   0.180092e+02   0.149711e+01   0.129317e+01
 132   0.165074e+03   0.180440e+02   0.148992e+01   0.127860e+01
 133   0.167136e+03   0.180786e+02   0.148272e+01   0.126399e+01
 134   0.169201e+03   0.181128e+02   0.147548e+01   0.124940e+01
 135   0.171269e+03   0.181468e+02   0.146823e+01   0.123492e+01
 136   0.173340e+03   0.181806e+02   0.146098e+01   0.122059e+01
 137   0.175415e+03   0.182141e+02   0.145373e+01   0.120643e+01
 138   0.177492e+03   0.182474e+02   0.144650e+01   0.119242e+01
 139   0.179572e+03   0.182804e+02   0.143929e+01   0.117857e+01
 140   0.181654e+03   0.183131e+02   0.143207e+01   0.116487e+01
 141   0.183739e+03   0.183456e+02   0.142485e+01   0.115131e+01
 142   0.185825e+03   0.183777e+02   0.141762e+01   0.113786e+01
 143   0.187915e+03   0.184096e+02   0.141038e+01   0.112445e+01
 144   0.190006e+03   0.184411e+02   0.140314e+01   0.111107e+01
 145   0.192100e+03   0.184724e+02   0.139589e+01   0.109770e+01
 146   0.194195e+03   0.185034e+02   0.138864e+01   0.108440e+01
 147   0.196291e+03   0.185340e+02   0.138140e+01   0.107120e+01
 148   0.198390e+03   0.185645e+02   0.137418e+01   0.105815e+01
 149   0.200490e+03   0.185946e+02   0.136700e+01   0.104527e+01
 150   0.202592e+03   0.186246e+02   0.135985e+01   0.103255e+01
 151   0.204695e+03   0.186542e+02   0.135272e+01   0.102000e+01
 152   0.206801e+03   0.186837e+02   0.134562e+01   0.100760e+01
 153   0.208907e+03   0.187128e+02   0.133854e+01   0.995357e+00
 154   0.211014e+03   0.187417e+02   0.133151e+01   0.983273e+00
 155   0.213122e+03   0.187702e+02   0.132454e+01   0.971369e+00
 156   0.215232e+03   0.187984e+02   0.131763e+01   0.959660e+00
 157   0.217343e+03   0.188263e+02   0.131078e+01   0.948145e+00
 158   0.219456e+03   0.188539e+02   0.130398e+01   0.936798e+00
 159   0.221568e+03   0.188812e+02   0.129721e+01   0.925578e+00
 160   0.223682e+03   0.189081e+02   0.129045e+01   0.914448e+00
 161   0.225797e+03   0.189347e+02   0.128368e+01   0.903376e+00
 162   0.227913e+03   0.189609e+02   0.127689e+01   0.892337e+00
 163   0.230029e+03   0.189869e+02   0.127010e+01   0.881309e+00
 164   0.232146e+03   0.190126e+02   0.126331e+01   0.870278e+00
 165   0.234264e+03   0.190379e+02   0.125653e+01   0.859224e+00
 166   0.236382e+03   0.190629e+02   0.124976e+01   0.848130e+00
 167   0.238502e+03   0.190877e+02   0.124299e+01   0.836980e+00
 168   0.240621e+03   0.191121e+02   0.123620e+01   0.825778e+00
 169   0.242742e+03   0.191363e+02   0.122938e+01   0.814544e+00
 170   0.244863e+03   0.191602e+02   0.122251e+01   0.803321e+00
 171   0.246984e+03   0.191837e+02   0.121560e+01   0.792160e+00
 172   0.249106e+03   0.192070e+02   0.120868e+01   0.781105e+00
 173   0.251229e+03   0.192300e+02   0.120176e+01   0.770195e+00
 174   0.253351e+03   0.192527e+02   0.119486e+01   0.759455e+00
 175   0.255475e+03   0.192751e+02   0.118796e+01   0.748902e+00
 176   0.257598e+03   0.192973e+02   0.118104e+01   0.738545e+00
 177   0.259723e+03   0.193191e+02   0.117409e+01   0.728386e+00
 178   0.261847e+03   0.193406e+02   0.116708e+01   0.718420e+00
 179   0.263971e+03   0.193619e+02   0.116004e+01   0.708633e+00
 180   0.266096e+03   0.193828e+02   0.115297e+01   0.698999e+00
 181   0.268222e+03   0.194035e+02   0.114587e+01   0.689478e+00
 182   0.270348e+03   0.194240e+02   0.113876e+01   0.680024e+00
 183   0.272474e+03   0.194441e+02   0.113164e+01   0.670594e+00
 184   0.274600e+03   0.194640e+02   0.112451e+01   0.661161e+00
 185   0.276727e+03   0.194837e+02   0.111738e+01   0.651712e+00
 186   0.278853e+03   0.195031e+02   0.111028e+01   0.642249e+00
 187   0.280981e+03   0.195222e+02   0.110319e+01   0.632777e+00
 188   0.283108e+03   0.195411e+02   0.109613e+01   0.623305e+00
 189   0.285236e+03   0.195597e+02   0.108908e+01   0.613844e+00
 190   0.287363e+03   0.195780e+02   0.108206e+01   0.604406e+00
 191   0.289492e+03   0.195961e+02   0.107508e+01   0.595006e+00
 192   0.291620e+03   0.196137e+02   0.106814e+01   0.585661e+00
 193   0.293748e+03   0.196311e+02   0.106125e+01   0.576386e+00
 194   0.295876e+03   0.196481e+02   0.105441e+01   0.567194e+00
 195   0.298005e+03   0.196648e+02   0.104762e+01   0.558087e+00
 196   0.300134e+03   0.196811e+02   0.104089e+01   0.549055e+00
 197   0.302263e+03   0.196970e+02   0.103421e+01   0.540076e+00
 198   0.304393e+03   0.197126e+02   0.102758e+01   0.531122e+00
 199   0.306522e+03   0.197278e+02   0.102101e+01   0.522166e+00
 200   0.308651e+03   0.197427e+02   0.101450e+01   0.513192e+00
 201   0.310781e+03   0.197573e+02   0.100807e+01   0.504198e+00
 202   0.312911e+03   0.197715e+02   0.100173e+01   0.495197e+00
 203   0.315042e+03   0.197854e+02   0.995463e+00   0.486207e+00
 204   0.317172e+03   0.197990e+02   0.989270e+00   0.477243e+00
 205   0.319302e+03   0.198123e+02   0.983143e+00   0.468318e+00
 206   0.321433e+03   0.198253e+02   0.977086e+00   0.459449e+00
 207   0.323563e+03   0.198380e+02   0.971104e+00   0.450658e+00
 208   0.325694e+03   0.198504e+02   0.965204e+00   0.441971e+00
 209   0.327826e+03   0.198625e+02   0.959392e+00   0.433412e+00
 210   0.329956e+03   0.198744e+02   0.953672e+00   0.424999e+00
 211   0.332088e+03   0.198859e+02   0.948046e+00   0.416749e+00
 212   0.334219e+03   0.198971e+02   0.942515e+00   0.408678e+00
 213   0.336350e+03   0.199080e+02   0.937089e+00   0.400800e+00
 214   0.338482e+03   0.199186e+02   0.931781e+00   0.393131e+00
 215   0.340614e+03   0.199289e+02   0.926601e+00   0.385678e+00
 216   0.342745e+03   0.199388e+02   0.921556e+00   0.378446e+00
 217   0.344878e+03   0.199484e+02   0.916648e+00   0.371441e+00
 218   0.347010e+03   0.199576e+02   0.911882e+00   0.364679e+00
 219   0.349142e+03   0.199665e+02   0.907268e+00   0.358179e+00
 220   0.351274e+03   0.199750e+02   0.902824e+00   0.351960e+00
 221   0.353406e+03   0.199831e+02   0.898566e+00   0.346032e+00
 222   0.355539e+03   0.199908e+02   0.894510e+00   0.340397e+00
 223   0.357671e+03   0.199982e+02   0.890656e+00   0.335055e+00
 224   0.359804e+03   0.200051e+02   0.886998e+00   0.330002e+00
 225   0.361937e+03   0.200117e+02   0.883522e+00   0.325243e+00
 226   0.364069e+03   0.200178e+02   0.880217e+00   0.320783e+00
 227   0.366202e+03   0.200235e+02   0.877078e+00   0.316623e+00
 228   0.368335e+03   0.200288e+02   0.874104e+00   0.312758e+00
 229   0.370468e+03   0.200337e+02   0.871298e+00   0.309175e+00
 230   0.372601e+03   0.200382e+02   0.868664e+00   0.305859e+00
 231   0.374734e+03   0.200423e+02   0.866207e+00   0.302799e+00
 232   0.376867e+03   0.200460e+02   0.863937e+00   0.299991e+00
 233   0.379000e+03   0.200493e+02   0.861870e+00   0.297440e+00
 234   0.381134e+03   0.200521e+02   0.860023e+00   0.295158e+00
 235   0.383267e+03   0.200545e+02   0.858418e+00   0.293162e+00
 236   0.385400e+03   0.200565e+02   0.857072e+00   0.291469e+00
 237   0.387534e+03   0.200581e+02   0.855997e+00   0.290097e+00
 238   0.389667e+03   0.200592e+02   0.855195e+00   0.289056e+00
 239   0.391800e+03   0.200600e+02   0.854665e+00   0.288355e+00
 240   0.393933e+03   0.200604e+02   0.854402e+00   0.288003e+00
