       y+            Prod.           Diss.       Turb_Diff.     Mole_Diff.        Res.    
   0.110600e+00   0.107459e-04  -0.338036e+00   0.192245e-04   0.338013e+00   0.738833e-05
   0.335590e+00   0.166603e-03  -0.338213e+00   0.298936e-03   0.337786e+00   0.377422e-04
   0.568390e+00   0.760575e-03  -0.338338e+00   0.135742e-02   0.336311e+00   0.909806e-04
   0.809440e+00   0.217675e-02  -0.338135e+00   0.383041e-02   0.332298e+00   0.170056e-03
   0.105918e+01   0.489276e-02  -0.337325e+00   0.841245e-02   0.324296e+00   0.276161e-03
   0.131805e+01   0.947951e-02  -0.335614e+00   0.157542e-01   0.310789e+00   0.408836e-03
   0.158649e+01   0.165845e-01  -0.332712e+00   0.263039e-01   0.290390e+00   0.566604e-03
   0.186496e+01   0.268946e-01  -0.328388e+00   0.401250e-01   0.262117e+00   0.748129e-03
   0.215388e+01   0.410776e-01  -0.322538e+00   0.567393e-01   0.225675e+00   0.953214e-03
   0.245371e+01   0.597041e-01  -0.315247e+00   0.750565e-01   0.181669e+00   0.118335e-02
   0.276487e+01   0.831591e-01  -0.306813e+00   0.934265e-01   0.131668e+00   0.144107e-02
   0.308781e+01   0.111555e+00  -0.297730e+00   0.109824e+00   0.780795e-01   0.172843e-02
   0.342295e+01   0.144663e+00  -0.288621e+00   0.122133e+00   0.238699e-01   0.204550e-02
   0.377073e+01   0.181872e+00  -0.280132e+00   0.128478e+00  -0.278298e-01   0.238832e-02
   0.413156e+01   0.222198e+00  -0.272832e+00   0.127523e+00  -0.741411e-01   0.274803e-02
   0.450587e+01   0.264331e+00  -0.267115e+00   0.118684e+00  -0.112789e+00   0.311129e-02
   0.489406e+01   0.306732e+00  -0.263150e+00   0.102207e+00  -0.142327e+00   0.346164e-02
   0.529653e+01   0.347758e+00  -0.260877e+00   0.791095e-01  -0.162208e+00   0.378189e-02
   0.571369e+01   0.385800e+00  -0.260034e+00   0.510129e-01  -0.172723e+00   0.405638e-02
   0.614592e+01   0.419425e+00  -0.260217e+00   0.199029e-01  -0.174838e+00   0.427293e-02
   0.659361e+01   0.447484e+00  -0.260955e+00  -0.121278e-01  -0.169977e+00   0.442403e-02
   0.705712e+01   0.469190e+00  -0.261779e+00  -0.431148e-01  -0.159789e+00   0.450719e-02
   0.753681e+01   0.484148e+00  -0.262276e+00  -0.714023e-01  -0.145945e+00   0.452438e-02
   0.803304e+01   0.492342e+00  -0.262132e+00  -0.957552e-01  -0.129973e+00   0.448116e-02
   0.854614e+01   0.494086e+00  -0.261142e+00  -0.115400e+00  -0.113159e+00   0.438533e-02
   0.907647e+01   0.489958e+00  -0.259211e+00  -0.130006e+00  -0.964963e-01   0.424536e-02
   0.962433e+01   0.480715e+00  -0.256336e+00  -0.139620e+00  -0.806895e-01   0.406996e-02
   0.101900e+02   0.467218e+00  -0.252583e+00  -0.144582e+00  -0.661854e-01   0.386705e-02
   0.107738e+02   0.450355e+00  -0.248062e+00  -0.145423e+00  -0.532258e-01   0.364339e-02
   0.113760e+02   0.430989e+00  -0.242901e+00  -0.142781e+00  -0.419029e-01   0.340447e-02
   0.119969e+02   0.409918e+00  -0.237232e+00  -0.137327e+00  -0.322048e-01   0.315450e-02
   0.126367e+02   0.387844e+00  -0.231179e+00  -0.129720e+00  -0.240471e-01   0.289722e-02
   0.132956e+02   0.365361e+00  -0.224855e+00  -0.120572e+00  -0.172978e-01   0.263596e-02
   0.139741e+02   0.342955e+00  -0.218354e+00  -0.110423e+00  -0.118034e-01   0.237370e-02
   0.146720e+02   0.321003e+00  -0.211753e+00  -0.997298e-01  -0.740717e-02   0.211281e-02
   0.153899e+02   0.299790e+00  -0.205114e+00  -0.888665e-01  -0.395413e-02   0.185501e-02
   0.161278e+02   0.279514e+00  -0.198487e+00  -0.781336e-01  -0.129215e-02   0.160190e-02
   0.168858e+02   0.260311e+00  -0.191913e+00  -0.677637e-01   0.721389e-03   0.135514e-02
   0.176642e+02   0.242258e+00  -0.185425e+00  -0.579269e-01   0.221004e-02   0.111599e-02
   0.184630e+02   0.225389e+00  -0.179044e+00  -0.487409e-01   0.328113e-02   0.885724e-03
   0.192825e+02   0.209708e+00  -0.172792e+00  -0.402821e-01   0.403324e-02   0.666254e-03
   0.201226e+02   0.195186e+00  -0.166689e+00  -0.325864e-01   0.454852e-02   0.459645e-03
   0.209837e+02   0.181780e+00  -0.160745e+00  -0.256541e-01   0.488699e-02   0.267211e-03
   0.218656e+02   0.169429e+00  -0.154969e+00  -0.194617e-01   0.509184e-02   0.895469e-04
   0.227686e+02   0.158066e+00  -0.149361e+00  -0.139629e-01   0.518371e-02  -0.737928e-04
   0.236926e+02   0.147622e+00  -0.143915e+00  -0.909872e-02   0.516711e-02  -0.224377e-03
   0.246377e+02   0.138029e+00  -0.138625e+00  -0.481977e-02   0.505258e-02  -0.363446e-03
   0.256038e+02   0.129223e+00  -0.133486e+00  -0.109079e-02   0.486161e-02  -0.492109e-03
   0.265912e+02   0.121149e+00  -0.128500e+00   0.211146e-02   0.462865e-02  -0.611056e-03
   0.275996e+02   0.113757e+00  -0.123677e+00   0.480920e-02   0.439130e-02  -0.719726e-03
   0.286292e+02   0.106996e+00  -0.119017e+00   0.704448e-02   0.415887e-02  -0.817339e-03
   0.296798e+02   0.100814e+00  -0.114506e+00   0.887845e-02   0.390869e-02  -0.905013e-03
   0.307516e+02   0.951572e-01  -0.110136e+00   0.103574e-01   0.363717e-02  -0.983823e-03
   0.318443e+02   0.899745e-01  -0.105912e+00   0.114997e-01   0.338467e-02  -0.105263e-02
   0.329580e+02   0.852208e-01  -0.101843e+00   0.123333e-01   0.317920e-02  -0.110933e-02
   0.340926e+02   0.808559e-01  -0.979260e-01   0.129218e-01   0.299268e-02  -0.115557e-02
   0.352479e+02   0.768453e-01  -0.941629e-01   0.133214e-01   0.280438e-02  -0.119187e-02
   0.364239e+02   0.731572e-01  -0.905602e-01   0.135584e-01   0.262633e-02  -0.121824e-02
   0.376204e+02   0.697578e-01  -0.871108e-01   0.136565e-01   0.246104e-02  -0.123546e-02
   0.388374e+02   0.666120e-01  -0.837954e-01   0.136558e-01   0.228143e-02  -0.124612e-02
   0.400747e+02   0.636896e-01  -0.806064e-01   0.135855e-01   0.208023e-02  -0.125109e-02
   0.413323e+02   0.609675e-01  -0.775491e-01   0.134487e-01   0.188492e-02  -0.124804e-02
   0.426097e+02   0.584298e-01  -0.746221e-01   0.132520e-01   0.170351e-02  -0.123681e-02
   0.439069e+02   0.560669e-01  -0.718209e-01   0.130026e-01   0.153288e-02  -0.121853e-02
   0.452239e+02   0.538726e-01  -0.691508e-01   0.126887e-01   0.139781e-02  -0.119175e-02
   0.465603e+02   0.518358e-01  -0.666126e-01   0.123104e-01   0.131034e-02  -0.115615e-02
   0.479160e+02   0.499354e-01  -0.641906e-01   0.119028e-01   0.123748e-02  -0.111499e-02
   0.492909e+02   0.481481e-01  -0.618682e-01   0.114991e-01   0.114924e-02  -0.107173e-02
   0.506845e+02   0.464579e-01  -0.596455e-01   0.110910e-01   0.106885e-02  -0.102769e-02
   0.520969e+02   0.448538e-01  -0.575269e-01   0.106651e-01   0.102652e-02  -0.981441e-03
   0.535276e+02   0.433280e-01  -0.555001e-01   0.102547e-01   0.981626e-03  -0.935744e-03
   0.549765e+02   0.418777e-01  -0.535556e-01   0.987710e-02   0.907290e-03  -0.893436e-03
   0.564434e+02   0.404964e-01  -0.516956e-01   0.950527e-02   0.840449e-03  -0.853448e-03
   0.579281e+02   0.391670e-01  -0.499127e-01   0.913827e-02   0.792352e-03  -0.815077e-03
   0.594301e+02   0.378767e-01  -0.481980e-01   0.880047e-02   0.741784e-03  -0.779024e-03
   0.609494e+02   0.366277e-01  -0.465530e-01   0.849844e-02   0.680531e-03  -0.746358e-03
   0.624858e+02   0.354299e-01  -0.449840e-01   0.822372e-02   0.611827e-03  -0.718570e-03
   0.640387e+02   0.342942e-01  -0.434979e-01   0.796511e-02   0.542576e-03  -0.696065e-03
   0.656081e+02   0.332295e-01  -0.420951e-01   0.770254e-02   0.484549e-03  -0.678446e-03
   0.671936e+02   0.322344e-01  -0.407654e-01   0.742441e-02   0.440882e-03  -0.665680e-03
   0.687950e+02   0.312972e-01  -0.395013e-01   0.714041e-02   0.405216e-03  -0.658457e-03
   0.704121e+02   0.304101e-01  -0.383016e-01   0.685608e-02   0.381384e-03  -0.654039e-03
   0.720444e+02   0.295691e-01  -0.371561e-01   0.657184e-02   0.363380e-03  -0.651755e-03
   0.736917e+02   0.287645e-01  -0.360501e-01   0.628825e-02   0.345403e-03  -0.651903e-03
   0.753538e+02   0.279871e-01  -0.349812e-01   0.601115e-02   0.329557e-03  -0.653413e-03
   0.770305e+02   0.272384e-01  -0.339528e-01   0.574101e-02   0.318717e-03  -0.654699e-03
   0.787212e+02   0.265232e-01  -0.329631e-01   0.548186e-02   0.301403e-03  -0.656675e-03
   0.804260e+02   0.258412e-01  -0.320107e-01   0.523686e-02   0.271811e-03  -0.660867e-03
   0.821442e+02   0.251873e-01  -0.310951e-01   0.499838e-02   0.242323e-03  -0.667038e-03
   0.838759e+02   0.245553e-01  -0.302131e-01   0.476168e-02   0.222766e-03  -0.673360e-03
   0.856202e+02   0.239392e-01  -0.293599e-01   0.453249e-02   0.207575e-03  -0.680645e-03
   0.873779e+02   0.233335e-01  -0.285347e-01   0.431244e-02   0.200478e-03  -0.688276e-03
   0.891475e+02   0.227390e-01  -0.277380e-01   0.410696e-02   0.196262e-03  -0.695742e-03
   0.909298e+02   0.221684e-01  -0.269715e-01   0.391909e-02   0.180581e-03  -0.703413e-03
   0.927231e+02   0.216394e-01  -0.262402e-01   0.372594e-02   0.164539e-03  -0.710378e-03
   0.945290e+02   0.211589e-01  -0.255429e-01   0.351297e-02   0.154412e-03  -0.716588e-03
   0.963452e+02   0.207178e-01  -0.248735e-01   0.328940e-02   0.143408e-03  -0.722839e-03
   0.981733e+02   0.203010e-01  -0.242292e-01   0.306902e-02   0.129394e-03  -0.729780e-03
   0.100012e+03   0.198959e-01  -0.236110e-01   0.285688e-02   0.121592e-03  -0.736667e-03
   0.101861e+03   0.194963e-01  -0.230154e-01   0.265868e-02   0.117854e-03  -0.742559e-03
   0.103720e+03   0.191053e-01  -0.224388e-01   0.247580e-02   0.109358e-03  -0.748345e-03
   0.105589e+03   0.187266e-01  -0.218848e-01   0.230006e-02   0.107033e-03  -0.751132e-03
   0.107468e+03   0.183621e-01  -0.213553e-01   0.213635e-02   0.106613e-03  -0.750223e-03
   0.109356e+03   0.180155e-01  -0.208488e-01   0.198351e-02   0.103027e-03  -0.746730e-03
   0.111253e+03   0.176926e-01  -0.203657e-01   0.183097e-02   0.995423e-04  -0.742567e-03
   0.113160e+03   0.173948e-01  -0.199033e-01   0.167399e-02   0.970521e-04  -0.737487e-03
   0.115074e+03   0.171149e-01  -0.194580e-01   0.152240e-02   0.906596e-04  -0.729974e-03
   0.116997e+03   0.168404e-01  -0.190278e-01   0.138694e-02   0.810438e-04  -0.719469e-03
   0.118928e+03   0.165634e-01  -0.186129e-01   0.127478e-02   0.688957e-04  -0.705731e-03
   0.120868e+03   0.162846e-01  -0.182142e-01   0.118050e-02   0.605347e-04  -0.688574e-03
   0.122814e+03   0.160046e-01  -0.178286e-01   0.109899e-02   0.552345e-04  -0.669762e-03
   0.124768e+03   0.157215e-01  -0.174501e-01   0.103131e-02   0.464975e-04  -0.650770e-03
   0.126729e+03   0.154358e-01  -0.170776e-01   0.969181e-03   0.416023e-04  -0.630969e-03
   0.128697e+03   0.151512e-01  -0.167106e-01   0.906344e-03   0.425412e-04  -0.610516e-03
   0.130672e+03   0.148679e-01  -0.163473e-01   0.844689e-03   0.448961e-04  -0.589775e-03
   0.132654e+03   0.145796e-01  -0.159859e-01   0.791764e-03   0.452154e-04  -0.569383e-03
   0.134641e+03   0.142820e-01  -0.156266e-01   0.753959e-03   0.397085e-04  -0.551009e-03
   0.136635e+03   0.139788e-01  -0.152733e-01   0.727388e-03   0.309562e-04  -0.536165e-03
   0.138635e+03   0.136782e-01  -0.149320e-01   0.702982e-03   0.270427e-04  -0.523776e-03
   0.140640e+03   0.133905e-01  -0.146049e-01   0.676829e-03   0.245853e-04  -0.512941e-03
   0.142650e+03   0.131217e-01  -0.142896e-01   0.641402e-03   0.235677e-04  -0.502861e-03
   0.144666e+03   0.128643e-01  -0.139825e-01   0.597028e-03   0.278190e-04  -0.493306e-03
   0.146686e+03   0.126055e-01  -0.136810e-01   0.561573e-03   0.300838e-04  -0.483876e-03
   0.148713e+03   0.123446e-01  -0.133859e-01   0.545289e-03   0.215068e-04  -0.474505e-03
   0.150743e+03   0.120948e-01  -0.131010e-01   0.532232e-03   0.864038e-05  -0.465351e-03
   0.152778e+03   0.118708e-01  -0.128294e-01   0.502104e-03  -0.461205e-06  -0.456988e-03
   0.154817e+03   0.116748e-01  -0.125710e-01   0.447573e-03  -0.737554e-06  -0.449457e-03
   0.156861e+03   0.114924e-01  -0.123224e-01   0.376681e-03   0.110463e-04  -0.442353e-03
   0.158909e+03   0.113050e-01  -0.120780e-01   0.311742e-03   0.257214e-04  -0.435538e-03
   0.160959e+03   0.111063e-01  -0.118374e-01   0.265182e-03   0.390243e-04  -0.426877e-03
   0.163015e+03   0.109020e-01  -0.116015e-01   0.238088e-03   0.464697e-04  -0.414886e-03
   0.165074e+03   0.106979e-01  -0.113689e-01   0.229538e-03   0.405841e-04  -0.400899e-03
   0.167136e+03   0.104939e-01  -0.111412e-01   0.229639e-03   0.312485e-04  -0.386470e-03
   0.169201e+03   0.102879e-01  -0.109195e-01   0.231493e-03   0.262213e-04  -0.373950e-03
   0.171269e+03   0.100821e-01  -0.107033e-01   0.236850e-03   0.203445e-04  -0.364014e-03
   0.173340e+03   0.988342e-02  -0.104944e-01   0.244565e-03   0.108142e-04  -0.355593e-03
   0.175415e+03   0.969789e-02  -0.102961e-01   0.246886e-03   0.432951e-05  -0.347022e-03
   0.177492e+03   0.952467e-02  -0.101078e-01   0.242640e-03   0.255570e-05  -0.337893e-03
   0.179572e+03   0.935810e-02  -0.992568e-02   0.236098e-03   0.314580e-05  -0.328337e-03
   0.181654e+03   0.919245e-02  -0.974610e-02   0.230770e-03   0.464954e-05  -0.318234e-03
   0.183739e+03   0.902284e-02  -0.956703e-02   0.231291e-03   0.590831e-05  -0.306990e-03
   0.185825e+03   0.884443e-02  -0.938959e-02   0.241718e-03   0.101346e-04  -0.293307e-03
   0.187915e+03   0.865526e-02  -0.921446e-02   0.267467e-03   0.141250e-04  -0.277613e-03
   0.190006e+03   0.845930e-02  -0.904177e-02   0.307817e-03   0.133626e-04  -0.261288e-03
   0.192100e+03   0.826351e-02  -0.887360e-02   0.351923e-03   0.138579e-04  -0.244316e-03
   0.194195e+03   0.807380e-02  -0.871126e-02   0.391191e-03   0.199752e-04  -0.226300e-03
   0.196291e+03   0.789470e-02  -0.855268e-02   0.424554e-03   0.258702e-04  -0.207561e-03
   0.198390e+03   0.773059e-02  -0.839628e-02   0.453423e-03   0.235896e-04  -0.188683e-03
   0.200490e+03   0.758549e-02  -0.824445e-02   0.472681e-03   0.165026e-04  -0.169773e-03
   0.202592e+03   0.745901e-02  -0.809977e-02   0.475366e-03   0.140701e-04  -0.151322e-03
   0.204695e+03   0.734342e-02  -0.796096e-02   0.464750e-03   0.182567e-04  -0.134536e-03
   0.206801e+03   0.722850e-02  -0.782437e-02   0.452359e-03   0.230581e-04  -0.120451e-03
   0.208907e+03   0.710845e-02  -0.768762e-02   0.447329e-03   0.223739e-04  -0.109466e-03
   0.211014e+03   0.698191e-02  -0.755091e-02   0.450562e-03   0.175966e-04  -0.100839e-03
   0.213122e+03   0.684836e-02  -0.741592e-02   0.458891e-03   0.151201e-04  -0.935408e-04
   0.215232e+03   0.670784e-02  -0.728387e-02   0.470829e-03   0.183848e-04  -0.868151e-04
   0.217343e+03   0.656241e-02  -0.715439e-02   0.489524e-03   0.220219e-04  -0.804378e-04
   0.219456e+03   0.641501e-02  -0.702651e-02   0.515976e-03   0.212025e-04  -0.743250e-04
   0.221568e+03   0.626717e-02  -0.690016e-02   0.546209e-03   0.187038e-04  -0.680845e-04
   0.223682e+03   0.612102e-02  -0.677594e-02   0.578524e-03   0.144444e-04  -0.619515e-04
   0.225797e+03   0.598089e-02  -0.665478e-02   0.608752e-03   0.832574e-05  -0.568128e-04
   0.227913e+03   0.584881e-02  -0.653724e-02   0.630135e-03   0.562114e-05  -0.526754e-04
   0.230029e+03   0.572207e-02  -0.642258e-02   0.644274e-03   0.718027e-05  -0.490572e-04
   0.232146e+03   0.559688e-02  -0.631017e-02   0.657845e-03   0.994850e-05  -0.454936e-04
   0.234264e+03   0.547158e-02  -0.619983e-02   0.675280e-03   0.109906e-04  -0.419815e-04
   0.236382e+03   0.534653e-02  -0.609164e-02   0.697052e-03   0.929992e-05  -0.387585e-04
   0.238502e+03   0.522376e-02  -0.598627e-02   0.721329e-03   0.565806e-05  -0.355201e-04
   0.240621e+03   0.510609e-02  -0.588456e-02   0.743970e-03   0.242944e-05  -0.320673e-04
   0.242742e+03   0.499425e-02  -0.578653e-02   0.760353e-03   0.375505e-05  -0.281705e-04
   0.244863e+03   0.488537e-02  -0.568981e-02   0.771790e-03   0.886158e-05  -0.237864e-04
   0.246984e+03   0.477511e-02  -0.559116e-02   0.784267e-03   0.123855e-04  -0.194021e-04
   0.249106e+03   0.466090e-02  -0.549046e-02   0.800005e-03   0.145800e-04  -0.149731e-04
   0.251229e+03   0.454310e-02  -0.538915e-02   0.820320e-03   0.150063e-04  -0.107230e-04
   0.253351e+03   0.442431e-02  -0.528911e-02   0.847069e-03   0.103245e-04  -0.740898e-05
   0.255475e+03   0.430778e-02  -0.519267e-02   0.875155e-03   0.494737e-05  -0.478189e-05
   0.257598e+03   0.419436e-02  -0.509995e-02   0.900704e-03   0.171195e-05  -0.317516e-05
   0.259723e+03   0.408195e-02  -0.501019e-02   0.924490e-03   0.145048e-05  -0.230044e-05
   0.261847e+03   0.396906e-02  -0.492297e-02   0.949516e-03   0.256879e-05  -0.182597e-05
   0.263971e+03   0.385607e-02  -0.483784e-02   0.976451e-03   0.379229e-05  -0.152765e-05
   0.266096e+03   0.374326e-02  -0.475469e-02   0.100472e-02   0.543582e-05  -0.128176e-05
   0.268222e+03   0.362973e-02  -0.467321e-02   0.103460e-02   0.773391e-05  -0.114325e-05
   0.270348e+03   0.351425e-02  -0.459307e-02   0.106618e-02   0.112651e-04  -0.137167e-05
   0.272474e+03   0.339702e-02  -0.451425e-02   0.109886e-02   0.164132e-04  -0.196134e-05
   0.274600e+03   0.328006e-02  -0.443616e-02   0.113204e-02   0.212835e-04  -0.277774e-05
   0.276727e+03   0.316509e-02  -0.435819e-02   0.116614e-02   0.235197e-04  -0.344031e-05
   0.278853e+03   0.305318e-02  -0.428100e-02   0.120277e-02   0.214811e-04  -0.356991e-05
   0.280981e+03   0.294581e-02  -0.420591e-02   0.124134e-02   0.155967e-04  -0.316473e-05
   0.283108e+03   0.284365e-02  -0.413397e-02   0.127779e-02   0.101759e-04  -0.234388e-05
   0.285236e+03   0.274500e-02  -0.406504e-02   0.130984e-02   0.892151e-05  -0.128201e-05
   0.287363e+03   0.264738e-02  -0.399815e-02   0.134013e-02   0.102241e-04  -0.415727e-06
   0.289492e+03   0.255002e-02  -0.393308e-02   0.137060e-02   0.125266e-04   0.671566e-07
   0.291620e+03   0.245381e-02  -0.387034e-02   0.140113e-02   0.155225e-04   0.121921e-06
   0.293748e+03   0.235979e-02  -0.381009e-02   0.143219e-02   0.178572e-04  -0.248401e-06
   0.295876e+03   0.226838e-02  -0.375223e-02   0.146393e-02   0.191887e-04  -0.728045e-06
   0.298005e+03   0.217945e-02  -0.369647e-02   0.149546e-02   0.205634e-04  -0.997143e-06
   0.300134e+03   0.209266e-02  -0.364201e-02   0.152651e-02   0.218853e-04  -0.951995e-06
   0.302263e+03   0.200778e-02  -0.358795e-02   0.155784e-02   0.214354e-04  -0.895678e-06
   0.304393e+03   0.192496e-02  -0.353405e-02   0.158897e-02   0.190032e-04  -0.112004e-05
   0.306522e+03   0.184486e-02  -0.348079e-02   0.161847e-02   0.156708e-04  -0.178844e-05
   0.308651e+03   0.176809e-02  -0.342896e-02   0.164414e-02   0.138076e-04  -0.292154e-05
   0.310781e+03   0.169466e-02  -0.337883e-02   0.166565e-02   0.140498e-04  -0.447116e-05
   0.312911e+03   0.162426e-02  -0.333012e-02   0.168510e-02   0.143852e-04  -0.638026e-05
   0.315042e+03   0.155664e-02  -0.328285e-02   0.170305e-02   0.146391e-04  -0.852414e-05
   0.317172e+03   0.149143e-02  -0.323681e-02   0.171911e-02   0.154845e-04  -0.107884e-04
   0.319302e+03   0.142793e-02  -0.319113e-02   0.173491e-02   0.151038e-04  -0.131912e-04
   0.321433e+03   0.136543e-02  -0.314598e-02   0.175139e-02   0.135734e-04  -0.155811e-04
   0.323563e+03   0.130360e-02  -0.310257e-02   0.176725e-02   0.139948e-04  -0.177166e-04
   0.325694e+03   0.124244e-02  -0.306120e-02   0.178213e-02   0.170306e-04  -0.195930e-04
   0.327826e+03   0.118190e-02  -0.302124e-02   0.179801e-02   0.200365e-04  -0.212941e-04
   0.329956e+03   0.112160e-02  -0.298241e-02   0.181702e-02   0.208041e-04  -0.229867e-04
   0.332088e+03   0.106104e-02  -0.294513e-02   0.183979e-02   0.194293e-04  -0.248661e-04
   0.334219e+03   0.999993e-03  -0.290996e-02   0.186559e-02   0.173168e-04  -0.270649e-04
   0.336350e+03   0.938741e-03  -0.287710e-02   0.189209e-02   0.166457e-04  -0.296180e-04
   0.338482e+03   0.877838e-03  -0.284584e-02   0.191762e-02   0.179049e-04  -0.324726e-04
   0.340614e+03   0.817965e-03  -0.281529e-02   0.194295e-02   0.186791e-04  -0.356935e-04
   0.342745e+03   0.759777e-03  -0.278572e-02   0.196850e-02   0.182077e-04  -0.392348e-04
   0.344878e+03   0.703690e-03  -0.275816e-02   0.199349e-02   0.178612e-04  -0.431217e-04
   0.347010e+03   0.649847e-03  -0.273320e-02   0.201702e-02   0.188137e-04  -0.475241e-04
   0.349142e+03   0.598286e-03  -0.271073e-02   0.203851e-02   0.214176e-04  -0.525108e-04
   0.351274e+03   0.549073e-03  -0.269003e-02   0.205819e-02   0.248635e-04  -0.579044e-04
   0.353406e+03   0.502470e-03  -0.267006e-02   0.207701e-02   0.271831e-04  -0.634000e-04
   0.355539e+03   0.459031e-03  -0.264996e-02   0.209532e-02   0.267241e-04  -0.688870e-04
   0.357671e+03   0.419288e-03  -0.262982e-02   0.211150e-02   0.247617e-04  -0.742679e-04
   0.359804e+03   0.383343e-03  -0.261013e-02   0.212409e-02   0.232814e-04  -0.794207e-04
   0.361937e+03   0.350907e-03  -0.259103e-02   0.213389e-02   0.218402e-04  -0.843928e-04
   0.364069e+03   0.321679e-03  -0.257269e-02   0.214193e-02   0.198869e-04  -0.891903e-04
   0.366202e+03   0.295441e-03  -0.255523e-02   0.214825e-02   0.175641e-04  -0.939759e-04
   0.368335e+03   0.271878e-03  -0.253889e-02   0.215230e-02   0.157439e-04  -0.989631e-04
   0.370468e+03   0.250503e-03  -0.252423e-02   0.215371e-02   0.159130e-04  -0.104110e-03
   0.372601e+03   0.230757e-03  -0.251151e-02   0.215374e-02   0.178555e-04  -0.109162e-03
   0.374734e+03   0.212202e-03  -0.250035e-02   0.215498e-02   0.193918e-04  -0.113775e-03
   0.376867e+03   0.194688e-03  -0.249040e-02   0.215895e-02   0.190770e-04  -0.117691e-03
   0.379000e+03   0.178283e-03  -0.248152e-02   0.216474e-02   0.176114e-04  -0.120879e-03
   0.381134e+03   0.163102e-03  -0.247333e-02   0.217054e-02   0.162283e-04  -0.123461e-03
   0.383267e+03   0.149280e-03  -0.246564e-02   0.217525e-02   0.155915e-04  -0.125524e-03
   0.385400e+03   0.137067e-03  -0.245896e-02   0.217832e-02   0.165197e-04  -0.127055e-03
   0.387534e+03   0.126819e-03  -0.245389e-02   0.217983e-02   0.192324e-04  -0.128010e-03
   0.389667e+03   0.118888e-03  -0.245047e-02   0.218086e-02   0.222523e-04  -0.128474e-03
   0.391800e+03   0.113499e-03  -0.244840e-02   0.218234e-02   0.239819e-04  -0.128581e-03
   0.393933e+03   0.110770e-03  -0.244738e-02   0.218388e-02   0.241578e-04  -0.128580e-03
