#                         y+                    alphat+
  4.499850000000000239e-01   6.969802082292722697e-05
  6.867989999999999373e-01   2.587491563855395674e-04
  9.320819999999999661e-01   6.781896831622107697e-04
  1.186280000000000001e+00   1.465534744255602784e-03
  1.449820000000000109e+00   2.793254913065297638e-03
  1.723159999999999803e+00   4.866637100175733206e-03
  2.006749999999999812e+00   7.914949503972751668e-03
  2.301020000000000287e+00   1.219129010381311135e-02
  2.606399999999999828e+00   1.796645248101713666e-02
  2.923340000000000050e+00   2.552898083499611365e-02
  3.252270000000000216e+00   3.519326731805495073e-02
  3.593630000000000102e+00   4.730383649186337830e-02
  3.947830000000000172e+00   6.222591059372391264e-02
  4.315299999999999692e+00   8.038766814528096327e-02
  4.696439999999999948e+00   1.022332296999486773e-01
  5.091669999999999696e+00   1.282456743657715559e-01
  5.501389999999999780e+00   1.589949440244238787e-01
  5.925990000000000535e+00   1.949928491303306310e-01
  6.365859999999999630e+00   2.368935459018838008e-01
  6.821360000000000312e+00   2.853107351574151185e-01
  7.292880000000000251e+00   3.408676439777024725e-01
  7.780750000000000277e+00   4.043322915645672921e-01
  8.285360000000000724e+00   4.762591954413089579e-01
  8.807000000000000384e+00   5.573792544098323809e-01
  9.345939999999998804e+00   6.485534811518132159e-01
  9.902649999999999508e+00   7.501317933174006525e-01
  1.047729999999999961e+01   8.629525863227460736e-01
  1.107019999999999982e+01   9.873601254170144559e-01
  1.168169999999999931e+01   1.124292650870636789e+00
  1.231199999999999939e+01   1.274335507558247871e+00
  1.296139999999999937e+01   1.437394554487733789e+00
  1.362989999999999924e+01   1.615924503066938911e+00
  1.431809999999999938e+01   1.807095418214743621e+00
  1.502599999999999980e+01   2.016210509380137683e+00
  1.575380000000000003e+01   2.238959850148121156e+00
  1.650169999999999959e+01   2.478643322052070275e+00
  1.726989999999999981e+01   2.735802258199071080e+00
  1.805849999999999866e+01   3.011358235596360622e+00
  1.886759999999999948e+01   3.305004873778236263e+00
  1.969739999999999824e+01   3.615037602667047878e+00
  2.054799999999999827e+01   3.946790241464007032e+00
  2.141939999999999955e+01   4.289640247445321464e+00
  2.231180000000000163e+01   4.658804747793007905e+00
  2.322530000000000072e+01   5.041252034367747825e+00
  2.415980000000000061e+01   5.444151275770701126e+00
  2.511540000000000106e+01   5.860228406976595750e+00
  2.609219999999999828e+01   6.299564218814674099e+00
  2.708999999999999986e+01   6.749387588332489862e+00
  2.810910000000000153e+01   7.199822158520041704e+00
  2.914930000000000021e+01   7.683475899375226348e+00
  3.021049999999999969e+01   8.170634120023080982e+00
  3.129269999999999996e+01   8.668966355086817899e+00
  3.239589999999999748e+01   9.195543405919583080e+00
  3.352009999999999934e+01   9.739135170340034620e+00
  3.466499999999999915e+01   1.028409443441960747e+01
  3.583080000000000354e+01   1.084223636098905885e+01
  3.701700000000000301e+01   1.138838431507388904e+01
  3.822379999999999711e+01   1.194959592353777467e+01
  3.945100000000000051e+01   1.251752605215351721e+01
  4.069839999999999947e+01   1.308990096700603623e+01
  4.196600000000000108e+01   1.366857845026405016e+01
  4.325339999999999918e+01   1.419692695454326881e+01
  4.456060000000000088e+01   1.478155140658155275e+01
  4.588730000000000331e+01   1.539224726714541625e+01
  4.723340000000000316e+01   1.598740969787832356e+01
  4.859870000000000090e+01   1.660221815665656564e+01
  4.998299999999999699e+01   1.712775247942434476e+01
  5.138600000000000279e+01   1.771308818782559769e+01
  5.280760000000000076e+01   1.834693256119680882e+01
  5.424759999999999849e+01   1.894288996720917595e+01
  5.570550000000000068e+01   1.957257493878407573e+01
  5.718130000000000024e+01   2.016196410832775499e+01
  5.867479999999999762e+01   2.068858073224078353e+01
  6.018549999999999756e+01   2.129376413050421846e+01
  6.171340000000000003e+01   2.177886170648993058e+01
  6.325809999999999889e+01   2.233118805706863341e+01
  6.481929999999999836e+01   2.284692498507411784e+01
  6.639679999999999893e+01   2.334264426338159737e+01
  6.799039999999999395e+01   2.374822106745148176e+01
  6.959959999999999525e+01   2.417719420476071690e+01
  7.122440000000000282e+01   2.453751269251695177e+01
  7.286430000000000007e+01   2.501761772438172571e+01
  7.451909999999999457e+01   2.548121652319490593e+01
  7.618850000000000477e+01   2.597363212927803744e+01
  7.787239999999999895e+01   2.639320851089903641e+01
  7.957040000000000646e+01   2.690041196619649710e+01
  8.128149999999999409e+01   2.733274861060182204e+01
  8.300690000000000168e+01   2.778702639342709801e+01
  8.474490000000000123e+01   2.823555034682122766e+01
  8.649550000000000693e+01   2.863804101194288165e+01
  8.825960000000000605e+01   2.909742643513796878e+01
  9.003549999999999898e+01   2.950725159324091962e+01
  9.182330000000000325e+01   2.989771246070406718e+01
  9.362290000000000134e+01   3.031838306354784152e+01
  9.543439999999999657e+01   3.079458785316893810e+01
  9.725690000000000168e+01   3.107554506092409241e+01
  9.908969999999999345e+01   3.134551564783470923e+01
  1.009339999999999975e+02   3.169036124571258028e+01
  1.027879999999999967e+02   3.202521710547951983e+01
  1.046520000000000010e+02   3.237154551865176444e+01
  1.065260000000000105e+02   3.270845812199275571e+01
  1.084089999999999918e+02   3.313730033108407014e+01
  1.103020000000000067e+02   3.338880008122474408e+01
  1.122039999999999935e+02   3.358902829647548316e+01
  1.141149999999999949e+02   3.381757979143402792e+01
  1.160339999999999918e+02   3.408455118281910501e+01
  1.179599999999999937e+02   3.434495152437881416e+01
  1.198960000000000008e+02   3.443945893494073829e+01
  1.218389999999999986e+02   3.448258832120141903e+01
  1.237890000000000015e+02   3.456249574547562986e+01
  1.257470000000000141e+02   3.470405337405933466e+01
  1.277109999999999985e+02   3.501702315525500353e+01
  1.296829999999999927e+02   3.555026843838293615e+01
  1.316610000000000014e+02   3.587191329364957681e+01
  1.336460000000000150e+02   3.608941028321371647e+01
  1.356370000000000005e+02   3.621917517353308824e+01
  1.376329999999999814e+02   3.649710414308971451e+01
  1.396359999999999957e+02   3.636497901861349646e+01
  1.416440000000000055e+02   3.651937388496032355e+01
  1.436570000000000107e+02   3.653203034219919232e+01
  1.456750000000000114e+02   3.663193899546612187e+01
  1.476979999999999791e+02   3.679085304232869902e+01
  1.497259999999999991e+02   3.685588068589486710e+01
  1.517589999999999861e+02   3.697525097763797675e+01
  1.537959999999999923e+02   3.706640161813920997e+01
  1.558379999999999939e+02   3.716910883602210447e+01
  1.578839999999999861e+02   3.738440483174744600e+01
  1.599329999999999927e+02   3.743719455460147572e+01
  1.619859999999999900e+02   3.742530144342565279e+01
  1.640430000000000064e+02   3.776259903560255538e+01
  1.661040000000000134e+02   3.781444107295750712e+01
  1.681670000000000016e+02   3.777567108404159768e+01
  1.702340000000000089e+02   3.771917487544070013e+01
  1.723040000000000020e+02   3.780114849347484096e+01
  1.743770000000000095e+02   3.777539294744843801e+01
  1.764530000000000030e+02   3.756595817955757610e+01
  1.785309999999999775e+02   3.752423213291508119e+01
  1.806119999999999948e+02   3.754768399784459376e+01
  1.826949999999999932e+02   3.775931124780213111e+01
  1.847820000000000107e+02   3.773825924185175751e+01
  1.868700000000000045e+02   3.798093699979110482e+01
  1.889600000000000080e+02   3.796628786495794117e+01
  1.910520000000000209e+02   3.805794651588939104e+01
  1.931459999999999866e+02   3.791526946757797134e+01
  1.952420000000000186e+02   3.796761134799728410e+01
  1.973400000000000034e+02   3.786357111035027145e+01
  1.994390000000000214e+02   3.791399476846182637e+01
  2.015409999999999968e+02   3.767074315235162629e+01
  2.036440000000000055e+02   3.740748634317354515e+01
  2.057479999999999905e+02   3.736281540096764786e+01
  2.078529999999999802e+02   3.704400902932188444e+01
  2.099600000000000080e+02   3.708282450668875896e+01
  2.120679999999999836e+02   3.707171504941411655e+01
  2.141770000000000209e+02   3.709881938735184548e+01
  2.162879999999999825e+02   3.709543647298757918e+01
  2.183990000000000009e+02   3.711100895271529510e+01
  2.205120000000000005e+02   3.720781668754554516e+01
  2.226250000000000000e+02   3.738458980190840464e+01
  2.247390000000000043e+02   3.736318256552661410e+01
  2.268549999999999898e+02   3.738198784720246692e+01
  2.289699999999999989e+02   3.720198632296780517e+01
  2.310870000000000175e+02   3.704387335108074097e+01
  2.332050000000000125e+02   3.705055943438253507e+01
  2.353229999999999791e+02   3.701324554078520634e+01
  2.374420000000000073e+02   3.702822596870282723e+01
  2.395609999999999786e+02   3.697666300471188805e+01
  2.416820000000000164e+02   3.696054292531653118e+01
  2.438020000000000209e+02   3.713591483807763893e+01
  2.459230000000000018e+02   3.686649458006383639e+01
  2.480449999999999875e+02   3.708339840549508182e+01
  2.501670000000000016e+02   3.684628912369908704e+01
  2.522899999999999920e+02   3.680229552389818082e+01
  2.544129999999999825e+02   3.694742134480807039e+01
  2.565370000000000346e+02   3.727189012446137184e+01
  2.586600000000000250e+02   3.706404706890587164e+01
  2.607850000000000250e+02   3.679177834426344873e+01
  2.629089999999999918e+02   3.697904710296982245e+01
  2.650339999999999918e+02   3.673175293964450105e+01
  2.671589999999999918e+02   3.650873516472940139e+01
  2.692850000000000250e+02   3.647624712250907919e+01
  2.714110000000000014e+02   3.621274456138347375e+01
  2.735370000000000346e+02   3.596324288146334425e+01
  2.756630000000000109e+02   3.573645581097665058e+01
  2.777900000000000205e+02   3.542498380874518205e+01
  2.799170000000000300e+02   3.541865435886197133e+01
  2.820440000000000396e+02   3.510080710562777995e+01
  2.841720000000000255e+02   3.482515890734135411e+01
  2.862990000000000350e+02   3.474485897382895416e+01
  2.884270000000000209e+02   3.442504238779348924e+01
  2.905559999999999832e+02   3.455253979204556458e+01
  2.926840000000000259e+02   3.438673925807359666e+01
  2.948120000000000118e+02   3.450633258113406754e+01
  2.969399999999999977e+02   3.457003905748719319e+01
  2.990699999999999932e+02   3.492416866532642672e+01
  3.011990000000000123e+02   3.496552769764485191e+01
  3.033279999999999745e+02   3.536134832571833897e+01
  3.054569999999999936e+02   3.545090756358136730e+01
  3.075869999999999891e+02   3.528530552647295337e+01
  3.097160000000000082e+02   3.546669206710728162e+01
  3.118460000000000036e+02   3.531021795367774985e+01
  3.139759999999999991e+02   3.515778818368720948e+01
  3.161070000000000277e+02   3.534011881564012469e+01
  3.182370000000000232e+02   3.482404174388531715e+01
  3.203670000000000186e+02   3.476413122645216447e+01
  3.224979999999999905e+02   3.422738803281287545e+01
  3.246290000000000191e+02   3.410330900131328491e+01
  3.267599999999999909e+02   3.391668235188165426e+01
  3.288899999999999864e+02   3.367401501306909495e+01
  3.310219999999999914e+02   3.350098283993936121e+01
  3.331530000000000200e+02   3.325168519621794871e+01
  3.352850000000000250e+02   3.300954816723059082e+01
  3.374159999999999968e+02   3.278417711675236745e+01
  3.395480000000000018e+02   3.247525399519177114e+01
  3.416800000000000068e+02   3.255524113597664382e+01
  3.438109999999999786e+02   3.225991407294245050e+01
  3.459430000000000405e+02   3.189632169780370319e+01
  3.480759999999999650e+02   3.193898123274998824e+01
  3.502080000000000268e+02   3.195516214454971760e+01
  3.523399999999999750e+02   3.192807663290497899e+01
  3.544719999999999800e+02   3.243736055239430982e+01
  3.566050000000000182e+02   3.248931974901265107e+01
  3.587369999999999663e+02   3.188586807418379721e+01
  3.608700000000000045e+02   3.271452299115827600e+01
  3.630030000000000427e+02   3.130617503332088702e+01
  3.651359999999999673e+02   3.214574049376135889e+01
  3.672690000000000055e+02   3.198068723404140812e+01
  3.694019999999999868e+02   3.212626570455157804e+01
  3.715350000000000250e+02   3.124858042149526227e+01
  3.736680000000000064e+02   3.131056201564496178e+01
  3.758009999999999877e+02   3.109156645870062974e+01
  3.779340000000000259e+02   3.212695250271988812e+01
  3.800669999999999504e+02   3.210045595263595430e+01
  3.821999999999999886e+02   3.179906620833071429e+01
  3.843330000000000268e+02   3.600639026524222430e+01
  3.864660000000000082e+02   3.650044312753805542e+01
  3.886000000000000227e+02   3.855543278199918689e+01
  3.907330000000000041e+02   4.277031278015293481e+01
  3.928669999999999618e+02   6.334973956566441444e+01
